%YAML:1.0
rangeMap: !!opencv-matrix
   rows: 21
   cols: 21
   dt: d
   data: [ -1.1808150693444493e-02, -1.0940705289988495e-02,
       -1.1657490489647000e-02, -1.2963331187196121e-02,
       -1.4512699360272543e-02, -1.4540556969962806e-02,
       -1.4339722748110120e-02, -1.3955084486348223e-02,
       -1.4511234069568321e-02, -1.5575632587534471e-02,
       -1.5273925995896949e-02, -1.5381813695681196e-02,
       -1.5625337638806681e-02, -1.5161491351961313e-02,
       -1.5503082510500678e-02, -1.6755697641641216e-02,
       -1.6503813944462549e-02, -1.5979466837846644e-02,
       -1.7329328334984326e-02, -1.7676663109883292e-02,
       -1.7718208003118997e-02, -1.2915783615074262e-02,
       -1.1769538945866194e-02, -1.3069596386812155e-02,
       -1.4057040026447681e-02, -1.4849773961636219e-02,
       -1.4902211749426972e-02, -1.4918850285003241e-02,
       -1.5490248169490677e-02, -1.6559573971647305e-02,
       -1.7274109007674510e-02, -1.7046098280234404e-02,
       -1.6761421418284295e-02, -1.6796682892854721e-02,
       -1.6364486985726370e-02, -1.6483602804354985e-02,
       -1.7100145296998014e-02, -1.6980497305566122e-02,
       -1.6743659941018198e-02, -1.7941671277551620e-02,
       -1.8162570076925413e-02, -1.8310109364280056e-02,
       -1.2377191600134072e-02, -1.0971637394278750e-02,
       -1.1896803651093264e-02, -1.3610429507731831e-02,
       -1.3533241983084022e-02, -1.3773254861926088e-02,
       -1.4549234333686706e-02, -1.5748956661841763e-02,
       -1.6800447687191817e-02, -1.7429174557054717e-02,
       -1.7701149056864707e-02, -1.7975960066536796e-02,
       -1.7623538182304728e-02, -1.7196184553934023e-02,
       -1.6973634244985287e-02, -1.7548051945352319e-02,
       -1.7489268008906701e-02, -1.7488599715837213e-02,
       -1.8100413031047063e-02, -1.8251460750706518e-02,
       -1.8912539557996277e-02, -1.0674603287305750e-02,
       -1.0065445305788788e-02, -1.0647680771529024e-02,
       -1.2465531819250506e-02, -1.3197178960270346e-02,
       -1.5222681630223613e-02, -1.6898642478917161e-02,
       -1.7098418482065877e-02, -1.7365204222112664e-02,
       -1.7690106446914246e-02, -1.7984570056807900e-02,
       -1.8125431048006398e-02, -1.7722844455785855e-02,
       -1.7524715406269660e-02, -1.7235799200153480e-02,
       -1.7875095515920245e-02, -1.7818871802887663e-02,
       -1.7826159362560382e-02, -1.8118706318325784e-02,
       -1.8161802368492550e-02, -1.8283384219170348e-02,
       -1.1635507774890343e-02, -1.0269906541215927e-02,
       -1.0709925437365739e-02, -1.2392794067307407e-02,
       -1.4133977634386325e-02, -1.6249502079557099e-02,
       -1.7347762167900831e-02, -1.7611853492001457e-02,
       -1.7551321834849722e-02, -1.7621739272282617e-02,
       -1.7755454874250107e-02, -1.7732902558931361e-02,
       -1.7686393944510485e-02, -1.7573914307814052e-02,
       -1.7568175267112771e-02, -1.7989726501868922e-02,
       -1.7964119710450647e-02, -1.8115505112578437e-02,
       -1.8368805975289323e-02, -1.8382082604110329e-02,
       -1.8373740797930783e-02, -1.0982414796936138e-02,
       -1.0446229387779829e-02, -1.1134919858295414e-02,
       -1.3085247338821904e-02, -1.5190109476853113e-02,
       -1.7063285946917060e-02, -1.8389958346632724e-02,
       -1.9894234180539722e-02, -2.1967076210314615e-02,
       -2.2617631884655966e-02, -2.0195424529946066e-02,
       -1.8278767508274403e-02, -1.7568957742499152e-02,
       -1.7572158803537151e-02, -1.7851615584041060e-02,
       -1.7918746670550385e-02, -1.8009601514201737e-02,
       -1.8500238839605738e-02, -1.8470618529563915e-02,
       -1.8520271118142390e-02, -1.8422173844705517e-02,
       -1.0042644976932288e-02, -1.0338213614625691e-02,
       -1.1963691110658736e-02, -1.4269324837253277e-02,
       -1.6259533792993188e-02, -1.8838325517030834e-02,
       -2.6033901402103165e-02, -3.5945508123296360e-02,
       -4.5339288496707389e-02, -4.6481926245527189e-02,
       -4.0018139927277090e-02, -2.8011100329358326e-02,
       -1.9723143010477891e-02, -1.7599631697068990e-02,
       -1.7918678328882779e-02, -1.8262534734359886e-02,
       -1.8515014972496944e-02, -1.8934229896663164e-02,
       -1.8494248285994126e-02, -1.8753187990712007e-02,
       -1.8616854279258518e-02, -9.7668944774517968e-03,
       -1.0294717111562792e-02, -1.2590179098108188e-02,
       -1.5439717605421238e-02, -1.8825081599970726e-02,
       -2.9606972134267412e-02, -3.9722242585883236e-02,
       -4.0309257611949513e-02, -4.8878808123568672e-02,
       -5.7363897901366444e-02, -6.3674542006474835e-02,
       -4.8568947445973357e-02, -2.9112680778356125e-02,
       -1.8822610476162054e-02, -1.7981023903636529e-02,
       -1.8512896891447358e-02, -1.9178259833933044e-02,
       -1.9129896643832394e-02, -1.8520660608832850e-02,
       -1.9059790093646237e-02, -1.8892645841545142e-02,
       -1.1406532550051252e-02, -1.2380307974815884e-02,
       -1.4200345862222373e-02, -1.5825596829501128e-02,
       -2.1954826963877003e-02, -3.5940824569199926e-02,
       -3.5231943478284962e-02, -1.5581721162269408e-02,
       -2.2791081263878358e-02, -3.1831082122021022e-02,
       -5.1034358492517813e-02, -5.3194659832573966e-02,
       -3.7886165810730649e-02, -2.2570222859646785e-02,
       -1.8387936027754254e-02, -1.8492624859995598e-02,
       -1.8964203630140508e-02, -1.8407139173593462e-02,
       -1.7953222959095891e-02, -1.8589531892585484e-02,
       -1.8368435659553876e-02, -1.2987494908951180e-02,
       -1.2477996765660953e-02, -1.3878225307181058e-02,
       -1.4986645097041880e-02, -2.2362808898024077e-02,
       -3.5384720803573230e-02, -2.7681592784438672e-02,
       -1.9666778923773144e-02, -1.8009736483454511e-02,
       -1.5809105136825839e-02, -2.7935849694563954e-02,
       -4.3588718226207045e-02, -4.3368731058374112e-02,
       -2.5993109281439841e-02, -1.8592437366917337e-02,
       -1.8032479810380506e-02, -1.8548269138930314e-02,
       -1.8496538862388067e-02, -1.8288054124850260e-02,
       -1.8595749316707117e-02, -1.7791881040566532e-02,
       -1.3633898985112566e-02, -1.3058573154312003e-02,
       -1.4050345945047229e-02, -1.4917451040726859e-02,
       -2.3290998886877502e-02, -4.4438144441740907e-02,
       -3.4470442494516258e-02, -2.2861033220480182e-02,
       -1.1954405613202523e-02, -8.3825861029649621e-03,
       -3.3823970270083221e-02, -5.2624083498273390e-02,
       -4.1576172159885835e-02, -2.3899648364868260e-02,
       -1.8243794280705643e-02, -1.8574228454583796e-02,
       -1.9243476569181329e-02, -1.8591037973483601e-02,
       -1.8053568941662067e-02, -1.8226522430706181e-02,
       -1.7634992284497442e-02, -1.3111308789163617e-02,
       -1.5095820246221301e-02, -1.6309810623815407e-02,
       -1.6425096034883586e-02, -2.4348784531155937e-02,
       -4.5775833448257301e-02, -4.8135352252714411e-02,
       -4.4096825251402363e-02, -4.4419522088132185e-02,
       -5.1783551146300691e-02, -6.5746860731488416e-02,
       -6.6874812902226091e-02, -4.1895559666353277e-02,
       -1.9919709899190830e-02, -1.8148088650599081e-02,
       -1.8975837752260184e-02, -1.9115540982427282e-02,
       -1.8500842222368613e-02, -1.8285612926533443e-02,
       -1.7490978911317137e-02, -1.7145222001797727e-02,
       -1.2594906399927315e-02, -1.3671693073968962e-02,
       -1.6121572183886622e-02, -1.7022434674466298e-02,
       -1.9990972980492908e-02, -3.8417968650807911e-02,
       -5.2579271947769464e-02, -5.2845465843284305e-02,
       -5.1680348350613602e-02, -5.6166418640235090e-02,
       -6.6955701071089002e-02, -5.4200507044619137e-02,
       -3.0520835250954673e-02, -1.8592484039358127e-02,
       -1.7834125402820977e-02, -1.8187449523893125e-02,
       -1.8312743461766971e-02, -1.8006522448650562e-02,
       -1.7910595991716415e-02, -1.7162932190415883e-02,
       -1.7459590454058552e-02, -1.1837396402690895e-02,
       -1.2578088769889917e-02, -1.4980964501027901e-02,
       -1.6861063088896303e-02, -1.8009748922821242e-02,
