%YAML:1.0
rangeMap: !!opencv-matrix
   rows: 21
   cols: 21
   dt: d
   data: [ 9.3559814301707386e-03, 8.8643745618037610e-03,
       8.6609167604289258e-03, 7.8597287662004502e-03,
       5.9268854066106980e-03, 5.3800119120885996e-03,
       5.9025810507128606e-03, 6.2227538032858347e-03,
       4.9107321776828807e-03, 5.1595213232566110e-03,
       6.0776775011746878e-03, 5.2245597900538055e-03,
       5.1370882429593208e-03, 4.9945951014025965e-03,
       4.0142283473942721e-03, 4.9772339080189744e-03,
       5.0899950849877650e-03, 4.4687091663719210e-03,
       4.3222272119544250e-03, 4.5676783211671046e-03,
       5.4514647133134782e-03, 1.0507495893263835e-02,
       9.8407417348191795e-03, 8.1481079965431621e-03,
       6.6053093059682787e-03, 7.0490146156683723e-03,
       6.9332162791849051e-03, 6.4800918945923944e-03,
       6.4635956683331197e-03, 6.7264743073096036e-03,
       6.5787761625802164e-03, 7.0812350365860918e-03,
       5.9074154069810479e-03, 5.2183624210463330e-03,
       4.4391325494511557e-03, 4.2410670006863913e-03,
       5.3053936984275374e-03, 5.7445721826366817e-03,
       4.9550908092202608e-03, 4.3146804212140961e-03,
       4.8522226671762281e-03, 4.9463516329149955e-03,
       1.0998788081544801e-02, 1.0159274479743234e-02,
       8.8511039188486681e-03, 7.2305466558838316e-03,
       6.9668737012164297e-03, 7.3833472960310844e-03,
       7.2907948399700620e-03, 6.9474797678247321e-03,
       7.3886629879616151e-03, 7.1243953625333709e-03,
       6.6070451826094508e-03, 6.4788874581858539e-03,
       6.2153918492973310e-03, 5.0882782643311706e-03,
       5.0411372145692255e-03, 6.2478287696884705e-03,
       5.8831672507013268e-03, 4.4456511089320753e-03,
       3.5029091779473810e-03, 4.3112103206700472e-03,
       4.7427583368781544e-03, 1.0544087125918422e-02,
       9.9649161187981474e-03, 9.2120663268549091e-03,
       8.1022501544558527e-03, 6.9314412997603337e-03,
       6.9610244150025017e-03, 7.2501510198631110e-03,
       7.6053685622255902e-03, 6.6624196697915713e-03,
       6.0493452468454003e-03, 5.8104172952106780e-03,
       5.4332008603052455e-03, 6.5409120439267766e-03,
       6.4163226640622665e-03, 6.1851169364542614e-03,
       6.0284166571828715e-03, 5.4295615368638549e-03,
       3.9657374584331937e-03, 3.8472791566775771e-03,
       4.8026275435638886e-03, 5.0959765414761741e-03,
       1.0679532542421225e-02, 9.8788660497565999e-03,
       9.1458123478505744e-03, 7.7105937989393461e-03,
       6.4550266698076989e-03, 6.8261864744661406e-03,
       7.1385911475538898e-03, 6.8104930954114070e-03,
       6.3285167852209527e-03, 6.5355025665936786e-03,
       6.1433869992597694e-03, 5.1045775021136388e-03,
       6.3682462067784218e-03, 6.0257376885969084e-03,
       6.6639730178683484e-03, 6.3020235938959137e-03,
       5.3770320105881201e-03, 4.1530568939857357e-03,
       4.2106522323791147e-03, 4.7408939983997703e-03,
       4.5997803394754863e-03, 1.0772184106195156e-02,
       1.0233387176532206e-02, 8.7492494757744534e-03,
       7.6815764632390269e-03, 7.4601100127763033e-03,
       7.9886133753916053e-03, 7.3289868443190834e-03,
       5.7875874948139592e-03, 5.5159268187968966e-03,
       6.0970015241395767e-03, 5.5697207819298718e-03,
       4.8876706205403641e-03, 5.5636447061580552e-03,
       5.7645114652270157e-03, 6.2976624861060086e-03,
       5.6196319482240695e-03, 5.5756699730791677e-03,
       4.5254093532511195e-03, 4.0576485141690984e-03,
       4.3514052292721568e-03, 5.0505953168282465e-03,
       1.0394081740924741e-02, 1.0030587734807006e-02,
       9.4310412504900569e-03, 8.3222954288199244e-03,
       7.7111941387684067e-03, 8.0051494121596914e-03,
       5.1639926606361465e-03, 1.5585006752293943e-03,
       -1.5868856479988745e-04, -2.2502344812788681e-03,
       -2.1830859078152322e-03, -4.5119227270910530e-04,
       2.6746880644906894e-03, 5.2016068295509654e-03,
       5.6490331934727590e-03, 5.5956954220270604e-03,
       5.1052960746048011e-03, 3.8173804833859996e-03,
       3.7206866976450376e-03, 4.3935555728615260e-03,
       5.1248094948902270e-03, 9.9860909070466648e-03,
       9.5069709485267381e-03, 9.4941246859814275e-03,
       9.0319736671523859e-03, 7.3532028907489543e-03,
       3.7368559906087364e-03, -4.2395707528808816e-03,
       -1.3311799678174195e-02, -2.1111103698243112e-02,
       -2.7596544180719350e-02, -2.7131744053081351e-02,
       -2.1270415421405529e-02, -1.1995755741499272e-02,
       -3.5250247427267801e-03, 1.8609086996276103e-03,
       4.6166603307949486e-03, 5.0740731415438974e-03,
       4.6169707553741614e-03, 4.6775324565180168e-03,
       5.0904432096100186e-03, 5.2549155692497747e-03,
       9.9212269843630130e-03, 9.7979802659685766e-03,
       9.4012447530203540e-03, 8.1034330964121423e-03,
       3.0079001002726075e-03, -7.0676437117481459e-03,
       -1.7424495710469490e-02, -2.0469047509687973e-02,
       -2.9295174126908900e-02, -3.8675095480839611e-02,
       -3.3868496029192063e-02, -3.0860377801766033e-02,
       -3.1671353758823226e-02, -2.2667940742447500e-02,
       -8.4441186777669715e-03, 2.4152571500174972e-03,
       5.3903228140732172e-03, 4.8627315137356230e-03,
       4.1714535706396461e-03, 4.5519468898097262e-03,
       4.6021662169082010e-03, 1.0045864232319330e-02,
       9.3291557543488460e-03, 8.5302513674021998e-03,
       5.7290598202993058e-03, -5.0498978586061031e-03,
       -1.6974749650793330e-02, -2.6033851089844271e-02,
       -1.8436502370052312e-02, -1.1525195832834446e-02,
       -6.2807515307596665e-03, -2.0170462211807107e-03,
       -3.1511098775747763e-03, -1.4751410717816034e-02,
       -2.6129394959935097e-02, -2.0868631142470787e-02,
       -6.0497195040991672e-03, 3.0388556745118661e-03,
       4.4376741563979076e-03, 4.0404450101484040e-03,
       3.7289355939693165e-03, 4.1860727909488983e-03,
       9.9037379642932123e-03, 9.0716499538716720e-03,
       7.7265609359037091e-03, 1.1764208776486613e-03,
       -1.2367907912693408e-02, -1.7975683737965917e-02,
       -2.8041778841526702e-02, -2.3711445214198837e-02,
       -1.2957470026478034e-02, -7.5453739891767971e-03,
       -5.3459341222074405e-03, -2.4026156197621499e-03,
       2.9162902946036008e-03, -8.4360762770204073e-03,
       -2.2553240875137839e-02, -1.5380337311631180e-02,
       -1.6405695561759221e-03, 4.5125175631320954e-03,
       5.1926506254994032e-03, 4.8845290251446774e-03,
       5.2744666894660999e-03, 9.6944908864276553e-03,
       8.9973696253708574e-03, 6.6747102320736853e-03,
       -4.2906953311652009e-03, -1.4735647948076986e-02,
       -1.5076246776097937e-02, -1.8172755430465811e-02,
       -1.2121875404450090e-02, -6.2721722839325133e-03,
       -6.7396390144379738e-03, -7.5950517483468309e-03,
       -4.5998899027769454e-03, 7.9927076072133340e-04,
       -1.3141355554202707e-03, -1.3188508758800890e-02,
       -1.9070436890193401e-02, -7.5080275280260591e-03,
       2.9899089021496921e-03, 4.9482527386078860e-03,
       4.8989839019659247e-03, 5.4122514280506972e-03,
       9.8950916316196246e-03, 8.9473756102855795e-03,
       5.3105044700352102e-03, -7.5293245483476932e-03,
       -1.3172514348080238e-02, -1.4690933535105586e-02,
       -1.2050863660791652e-02, -5.4153158671465832e-03,
       -3.5266378239383160e-03, -4.3308201225301154e-03,
       -6.1287926627211662e-03, -4.4852694188007051e-03,
       -1.2291040610670695e-03, -6.6613776903316768e-04,
       -8.0247696422522732e-03, -1.7672166262392573e-02,
       -1.0912204924703756e-02, 1.3768783399507453e-03,
       4.4926972457566394e-03, 4.5328208234639003e-03,
       5.3751867218682810e-03, 9.7960590244992110e-03,
       9.1411380192902743e-03, 4.4421113954252944e-03,
       -8.3828591137517956e-03, -1.4191089902885656e-02,
       -1.1541601851839006e-02, -4.6713281864219289e-03,
       1.7352307699561089e-04, 9.1114159530343517e-06,
       -2.6896584681609464e-03, -3.4546753157815692e-03,
