%YAML:1.0
grasps:
   size: 0
   graspPoses:
      []
placeUnderPoints:
   size: 1
   pupPoses:
      - { px:1.0909928861428067e-03, py:1.9952257285298459e-02,
          pz:-1.6856384237792532e-01, qw:9.9999946355819702e-01,
          qx:-7.1862031472846866e-04, qy:-3.1809112988412380e-04,
          qz:-4.5405514538288116e-04 }
placeOverPoints:
   size: 1
   popPoses:
      - { px:1.0909928861428067e-03, py:1.9952257285298459e-02,
          pz:-1.6856384237792532e-01, qw:9.9999946355819702e-01,
          qx:-7.1862031472846866e-04, qy:-3.1809112988412380e-04,
          qz:-4.5405514538288116e-04 }
