%YAML:1.0
grasps:
   size: 0
   graspPoses:
      []
placeUnderPoints:
   size: 1
   pupPoses:
      - { px:3.7235587221605207e-03, py:4.2494038770887928e-02,
          pz:-1.8709066469111435e-01, qw:9.9999642372131348e-01,
          qx:-1.0462660575285554e-03, qy:1.6162124229595065e-03,
          qz:-1.8529593944549561e-03 }
placeOverPoints:
   size: 1
   popPoses:
      - { px:3.7235587221605207e-03, py:4.2494038770887928e-02,
          pz:-1.8709066469111435e-01, qw:9.9999642372131348e-01,
          qx:-1.0462660575285554e-03, qy:1.6162124229595065e-03,
          qz:-1.8529593944549561e-03 }
