%YAML:1.0
grasps:
   size: 0
   graspPoses:
      []
placeUnderPoints:
   size: 1
   pupPoses:
      - { px:5.4551869713225440e-03, py:9.0756423450554964e-03,
          pz:-2.0316286294872746e-01, qw:9.9999922513961792e-01,
          qx:1.0885534575209022e-03, qy:6.3345715170726180e-04,
          qz:2.3508444428443909e-04 }
placeOverPoints:
   size: 1
   popPoses:
      - { px:5.4551869713225440e-03, py:9.0756423450554964e-03,
          pz:-2.0316286294872746e-01, qw:9.9999922513961792e-01,
          qx:1.0885534575209022e-03, qy:6.3345715170726180e-04,
          qz:2.3508444428443909e-04 }
