%YAML:1.0
savedTime:
   - 1.4864948255542905e+09
hand_camera_offset: { px:4.2500000000000003e-02,
    py:5.0000000000000001e-03, pz:1.5890000000000001e-02, qw:1., qx:0.,
    qy:0., qz:0. }
cropUpperLeftCorner:
   - 320.
   - 200.
mu:
   - 2.3999999999999998e-03
   - 2.4499999999999999e-03
kappa:
   - 0.
   - 0.
vanishingPointReticle:
   - 309.
   - 189.
heightReticles:
   - 318.
   - 319.
   - 326.
   - 338.
   - 174.
   - 170.
   - 155.
   - 137.
colorReticles:
   - 462
   - 450
   - 439
   - 428
   - 419
   - 410
   - 405
   - 399
   - 394
   - 389
   - 383
   - 381
   - 379
   - 378
   - 153
   - 153
   - 153
   - 153
   - 153
   - 154
   - 154
   - 154
   - 154
   - 154
   - 155
   - 155
   - 155
   - 155
lensCorrections:
   - 6.5500000000000003e-01
   - 6.5500000000000003e-01
   - 6.5500000000000003e-01
   - 6.5500000000000003e-01
   - 9.7500000000000031e-01
   - 9.3500000000000028e-01
   - 9.3500000000000028e-01
   - 9.3500000000000028e-01
gear0offset:
   - 2.3000000044703484e-02
   - 2.3000000044703484e-02
   - 1.6722800210118294e-02
   - 0.
cameraExposure: 100
cameraGain: 11
cameraWhiteBalanceRed: 1024
cameraWhiteBalanceGreen: 1024
cameraWhiteBalanceBlue: 2496
