%YAML:1.0
savedTime:
   - 1.4642314815689638e+09
currentTableZ:
   - 2.2611356451745968e-01
cropUpperLeftCorner:
   - 320.
   - 200.
vanishingPointReticle:
   - 309.
   - 189.
heightReticles:
   - 318.
   - 319.
   - 326.
   - 338.
   - 174.
   - 170.
   - 155.
   - 137.
colorReticles:
   - 462
   - 450
   - 439
   - 428
   - 419
   - 410
   - 405
   - 399
   - 394
   - 389
   - 383
   - 381
   - 379
   - 378
   - 153
   - 153
   - 153
   - 153
   - 153
   - 154
   - 154
   - 154
   - 154
   - 154
   - 155
   - 155
   - 155
   - 155
lensCorrections:
   - 6.5500000000000003e-01
   - 6.5500000000000003e-01
   - 6.5500000000000003e-01
   - 6.5500000000000003e-01
   - 9.7500000000000031e-01
   - 9.3500000000000028e-01
   - 9.3500000000000028e-01
   - 9.3500000000000028e-01
gear0offset:
   - 2.3000000044703484e-02
   - 2.3000000044703484e-02
   - 1.6722800210118294e-02
   - 0.
cameraExposure: 80
cameraGain: 25
cameraWhiteBalanceRed: 1124
cameraWhiteBalanceGreen: 1024
cameraWhiteBalanceBlue: 2048
