%YAML:1.0
savedTime:
   - 1.4640425432939336e+09
currentTableZ:
   - 1.5816387058738876e-01
cropUpperLeftCorner:
   - 320.
   - 200.
vanishingPointReticle:
   - 309.
   - 163.
heightReticles:
   - 324.
   - 327.
   - 329.
   - 335.
   - 139.
   - 131.
   - 124.
   - 100.
colorReticles:
   - 462
   - 450
   - 439
   - 428
   - 419
   - 410
   - 405
   - 399
   - 394
   - 389
   - 383
   - 381
   - 379
   - 378
   - 153
   - 153
   - 153
   - 153
   - 153
   - 154
   - 154
   - 154
   - 154
   - 154
   - 155
   - 155
   - 155
   - 155
lensCorrections:
   - 8.1500000000000017e-01
   - 8.1500000000000017e-01
   - 8.1500000000000017e-01
   - 8.1500000000000017e-01
   - 1.0550000000000004e+00
   - 1.0150000000000003e+00
   - 1.0150000000000003e+00
   - 1.0150000000000003e+00
gear0offset:
   - 3.2000001519918442e-02
   - 2.6000000536441803e-02
   - 1.6722800210118294e-02
   - 0.
cameraExposure: 80
cameraGain: 15
cameraWhiteBalanceRed: 1124
cameraWhiteBalanceGreen: 1024
cameraWhiteBalanceBlue: 2048
