%YAML:1.0
savedTime:
   - 1.4635826635290873e+09
currentTableZ:
   - 1.5148318273476732e-01
cropUpperLeftCorner:
   - 320.
   - 200.
vanishingPointReticle:
   - 309.
   - 163.
heightReticles:
   - 324.
   - 326.
   - 330.
   - 338.
   - 140.
   - 133.
   - 124.
   - 105.
colorReticles:
   - 462
   - 450
   - 439
   - 428
   - 419
   - 410
   - 405
   - 399
   - 394
   - 389
   - 383
   - 381
   - 379
   - 378
   - 153
   - 153
   - 153
   - 153
   - 153
   - 154
   - 154
   - 154
   - 154
   - 154
   - 155
   - 155
   - 155
   - 155
lensCorrections:
   - 9.7500000000000031e-01
   - 9.3500000000000028e-01
   - 9.3500000000000028e-01
   - 9.3500000000000028e-01
   - 7.7500000000000013e-01
   - 7.3500000000000010e-01
   - 7.3500000000000010e-01
   - 7.3500000000000010e-01
gear0offset:
   - 3.2000001519918442e-02
   - 2.6000000536441803e-02
   - 1.6722800210118294e-02
   - 0.
cameraExposure: 80
cameraGain: 5
cameraWhiteBalanceRed: 1224
cameraWhiteBalanceGreen: 1124
cameraWhiteBalanceBlue: 1648
