%YAML:1.0
savedTime:
   - 1.4640591524573133e+09
currentTableZ:
   - 1.4755201521316580e-01
cropUpperLeftCorner:
   - 320.
   - 200.
vanishingPointReticle:
   - 309.
   - 189.
heightReticles:
   - 319.
   - 319.
   - 322.
   - 331.
   - 171.
   - 166.
   - 155.
   - 135.
colorReticles:
   - 462
   - 450
   - 439
   - 428
   - 419
   - 410
   - 405
   - 399
   - 394
   - 389
   - 383
   - 381
   - 379
   - 378
   - 153
   - 153
   - 153
   - 153
   - 153
   - 154
   - 154
   - 154
   - 154
   - 154
   - 155
   - 155
   - 155
   - 155
lensCorrections:
   - 1.2550000000000006e+00
   - 1.2550000000000006e+00
   - 1.2550000000000006e+00
   - 1.2550000000000006e+00
   - 1.0550000000000004e+00
   - 1.0550000000000004e+00
   - 1.0550000000000004e+00
   - 1.0550000000000004e+00
gear0offset:
   - 2.3000000044703484e-02
   - 2.3000000044703484e-02
   - 1.6722800210118294e-02
   - 0.
cameraExposure: 80
cameraGain: 15
cameraWhiteBalanceRed: 1124
cameraWhiteBalanceGreen: 1024
cameraWhiteBalanceBlue: 2048
