%YAML:1.0
savedTime:
   - 1.4633533684726257e+09
currentTableZ:
   - 1.3588577840950603e-01
cropUpperLeftCorner:
   - 320.
   - 200.
vanishingPointReticle:
   - 309.
   - 189.
heightReticles:
   - 322.
   - 324.
   - 325.
   - 333.
   - 176.
   - 170.
   - 160.
   - 137.
colorReticles:
   - 462
   - 450
   - 439
   - 428
   - 419
   - 410
   - 405
   - 399
   - 394
   - 389
   - 383
   - 381
   - 379
   - 378
   - 153
   - 153
   - 153
   - 153
   - 153
   - 154
   - 154
   - 154
   - 154
   - 154
   - 155
   - 155
   - 155
   - 155
lensCorrections:
   - 9.9500000000000000e-01
   - 1.
   - 1.
   - 1.
   - 9.8499999999999999e-01
   - 1.
   - 1.
   - 1.
gear0offset:
   - 2.3000000044703484e-02
   - 2.3000000044703484e-02
   - 1.6722800210118294e-02
   - 0.
cameraExposure: 80
cameraGain: 30
cameraWhiteBalanceRed: 1124
cameraWhiteBalanceGreen: 1024
cameraWhiteBalanceBlue: 2048
