%YAML:1.0
savedTime:
   - 1.4635824517116482e+09
currentTableZ:
   - 1.3771361573157681e-01
cropUpperLeftCorner:
   - 320.
   - 200.
vanishingPointReticle:
   - 309.
   - 189.
heightReticles:
   - 317.
   - 318.
   - 324.
   - 333.
   - 171.
   - 168.
   - 156.
   - 137.
colorReticles:
   - 462
   - 450
   - 439
   - 428
   - 419
   - 410
   - 405
   - 399
   - 394
   - 389
   - 383
   - 381
   - 379
   - 378
   - 153
   - 153
   - 153
   - 153
   - 153
   - 154
   - 154
   - 154
   - 154
   - 154
   - 155
   - 155
   - 155
   - 155
lensCorrections:
   - 1.2400000000000004e+00
   - 1.2400000000000004e+00
   - 1.2400000000000004e+00
   - 1.2400000000000004e+00
   - 1.7200000000000009e+00
   - 1.6600000000000008e+00
   - 1.6600000000000008e+00
   - 1.6600000000000008e+00
gear0offset:
   - 2.3000000044703484e-02
   - 2.3000000044703484e-02
   - 1.6722800210118294e-02
   - 0.
cameraExposure: 80
cameraGain: 15
cameraWhiteBalanceRed: 1124
cameraWhiteBalanceGreen: 1024
cameraWhiteBalanceBlue: 2048
