%YAML:1.0
rangeMap: !!opencv-matrix
   rows: 21
   cols: 21
   dt: d
   data: [ 6.5802481904021718e-03, 5.6904561895403851e-03,
       5.3585311157612250e-03, 3.2176328398255418e-03,
       2.0241208318078122e-03, 2.4836906519445606e-03,
       3.5231316590811105e-03, 1.7518143532017139e-03,
       2.0985663774520107e-03, 3.0677310437908158e-03,
       3.0591310667469327e-03, 3.1452751407526269e-03,
       4.1308121185975946e-03, 3.6152180960419629e-03,
       5.1036204730987352e-03, 4.6070445924224985e-03,
       4.1367464921815769e-03, 2.5117846745511246e-03,
       5.2691453133749198e-04, 3.8075618563622552e-04,
       5.5584595081068357e-04, 4.4858326012776643e-03,
       3.8102792881387791e-03, 3.8729663994387909e-03,
       4.1160262309322022e-03, 3.9782050803774793e-03,
       3.0371497623424243e-03, 1.5611457346722771e-03,
       5.3591091257459988e-04, 1.2985403418927538e-03,
       3.0232613791778000e-03, 3.6735130925013549e-03,
       4.1560191259717612e-03, 3.5351869282963851e-03,
       4.1386306699563715e-03, 5.0216251067746274e-03,
       4.3034771306795895e-03, 4.3688932460760454e-03,
       4.0782829750004267e-03, 1.7081042349709908e-03,
       8.5450871601069398e-05, 1.1062059195889574e-04,
       4.8557393701741617e-03, 5.9127948324565298e-03,
       5.4431458806305207e-03, 5.5821944181673995e-03,
       4.8329548010018772e-03, 2.7569252759146552e-03,
       -4.0116162327901734e-03, -5.8771896063448811e-03,
       -4.7964033315741158e-04, 2.6143151867395898e-03,
       3.4639253556832234e-03, 3.6523499401324893e-03,
       3.1148307835564175e-03, 4.1397155437906414e-03,
       4.2650254760654071e-03, 3.2475535847743212e-03,
       3.1409708901201736e-03, 3.7505424032573354e-03,
       3.6171461276864507e-03, 2.5426145793518667e-03,
       2.0409114330886898e-03, 5.9192909937709906e-03,
       6.5498604758855994e-03, 5.8709902366951396e-03,
       4.2734092128472899e-03, 4.1577432674760207e-03,
       -8.0094428182540974e-05, -1.6954819183771140e-02,
       -2.2244837948628068e-02, -1.0968652697517510e-02,
       -3.5861664347662690e-03, -6.5380132675454050e-04,
       2.9054791676671383e-03, 2.7308395934135922e-03,
       3.4714855484461577e-03, 3.8668800769943419e-03,
       2.1050193245408227e-03, 1.8419979833738554e-03,
       3.0743157171432035e-03, 2.9139992945643820e-03,
       2.5391503295224133e-03, 2.4370990252069128e-03,
       6.2417157276026492e-03, 6.8523778942840789e-03,
       5.6776465677970756e-03, 4.3545013299019020e-03,
       3.2152848685769219e-03, -6.9242256674558319e-03,
       -2.7581169346572048e-02, -3.5086424007462751e-02,
       -2.5128485150379257e-02, -1.5553627969380996e-02,
       -1.1504683712771593e-02, -1.5584609255792268e-03,
       8.1483281142761307e-04, 2.6672660579823838e-03,
       3.3136337573380441e-03, 2.0544135404062429e-03,
       1.9864421386212934e-03, 2.6556741663492809e-03,
       2.6100420514485732e-03, 2.3725343411220789e-03,
       3.1828531127482268e-03, 6.6245684662526727e-03,
       6.6592643703793242e-03, 5.2265117554804686e-03,
       3.9090060746413595e-03, -5.6841661461937078e-04,
       -1.7014389713278979e-02, -3.5037285218468946e-02,
       -3.3913592688029542e-02, -4.1374656718210889e-02,
       -2.8501685182808566e-02, -1.7828993693390596e-02,
       -8.7485675846971853e-03, -1.5857417888602437e-03,
       2.5163902229437939e-03, 3.6055968677936286e-03,
       2.6140286202349212e-03, 1.9620815827375154e-03,
       1.9390716481313866e-03, 2.2580049359980725e-03,
       2.5358256074392272e-03, 4.0079729643010473e-03,
       5.4946636267495588e-03, 5.3104451966699906e-03,
       4.5850660248915841e-03, 2.1947049280535221e-03,
       -9.7490638444685147e-03, -3.6679375502766697e-02,
       -1.8590157064168819e-02, 2.0651318562595330e-02,
       -2.3404099087505725e-03, -7.3140979597100938e-03,
       -1.8189537956838354e-02, -2.2926196412853189e-02,
       -5.4386938700725076e-03, 1.7899440232838435e-03,
       2.2452671705578287e-03, 2.1203926224144464e-03,
       1.9581215327911295e-03, 1.5884790930686666e-03,
       2.0835386238248527e-03, 3.3282482919058994e-03,
       3.8084753623669415e-03, 3.3222700374260787e-03,
       4.6095263654923257e-03, 4.3528064433851635e-03,
       4.8783778324082970e-04, -1.7330041180883195e-02,
       -3.1149060731011095e-02, -1.3530138765735056e-02,
       7.0031183511207453e-03, 1.2853937207185931e-02,
       3.5564039749220377e-03, -2.0303595756869419e-02,
       -3.1231143743414794e-02, -1.3064043173294383e-02,
       1.3674791666148120e-03, 2.7162145992751401e-03,
       2.2186171214485669e-03, 2.2559591858868490e-03,
       2.9972493239939523e-03, 3.8748315069408869e-03,
       4.2771825655274045e-03, 4.3138710635973760e-03,
       3.2176060804958756e-03, 5.0098476877874880e-03,
       3.9323709594468043e-03, -1.1542129096247216e-03,
       -1.9232208473551317e-02, -2.9255544697118122e-02,
       -1.7313895658104310e-02, -1.2722667120349100e-02,
       -7.5805380910299895e-03, -1.2516599560982214e-02,
       -2.2376069867891570e-02, -3.3163533570196094e-02,
       -1.7745933694556921e-02, 1.0135205468801880e-03,
       2.5832951770404029e-03, 2.5948524293201774e-03,
       3.0354429328273307e-03, 4.2384989690095534e-03,
       3.9117879849771119e-03, 3.5989387987060521e-03,
       2.5727409399328854e-03, 5.7083885820593530e-03,
       5.8842079128156909e-03, 4.4377429445932983e-03,
       -1.2770705639194976e-03, -2.0233873253138922e-02,
       -3.0429255594314600e-02, -2.1374233919787752e-02,
       -1.7924147376794174e-02, -1.8060210259431043e-02,
       -1.8329042396104337e-02, -1.9198982673795863e-02,
       -3.3666460630315941e-02, -1.3443434088570320e-02,
       1.0778398116077057e-03, 2.2030380121248866e-03,
       2.3379535730673139e-03, 4.4149986142110577e-03,
       4.3936738461342207e-03, 2.9493072296606936e-03,
       2.8304705871278596e-03, 1.8484530465354106e-03,
       6.3734400333868681e-03, 6.6171826356647674e-03,
       5.7047091961285315e-03, 8.2258946060618978e-04,
       -1.5388865986347342e-02, -2.5047029165310698e-02,
       -2.1280820212690305e-02, -1.4984015150219066e-02,
       -3.4038562691352470e-02, -5.0624205539079634e-02,
       -4.2875998719017060e-02, -3.4571049705323730e-02,
       -8.6480793734213541e-03, 1.3792106965018255e-03,
       2.2327296334943543e-03, 3.3894750922113838e-03,
       6.7354497277736279e-03, 4.6395305326873519e-03,
       8.5675977077931560e-04, 1.1986124711836903e-03,
       2.0054290187450159e-03, 6.3221995429449639e-03,
       6.0230087413378642e-03, 4.5214659008501407e-03,
       2.1345485097172363e-03, -2.9765399921479379e-03,
       -1.2741580615785715e-02, -3.6146032645582554e-02,
       -2.5005952201333691e-02, -2.5177758393357275e-02,
       -5.1469478450982133e-02, -4.3471475554366520e-02,
       -1.5951843119208997e-02, -2.1568859013401682e-03,
       2.5727332452462866e-03, 3.1982575627295591e-03,
       3.7551622333233574e-03, 4.0874185543473126e-03,
       2.7885318266729652e-03, 6.2541725308618565e-04,
       1.0241434065924721e-03, 1.7407208353247313e-03,
       5.4830426714053242e-03, 5.4199818147851846e-03,
       3.9622772192708742e-03, 2.6903693625883502e-03,
       1.0977867926952321e-03, -7.0267006839930543e-03,
       -1.9165224956917592e-02, -2.2739051628521002e-02,
       -2.2823477520436296e-02, -2.4553247251151839e-02,
       -1.8497210684722071e-02, -3.8248432860963216e-03,
       9.8425107539930204e-04, 8.8067415002506129e-04,
       8.6207615585589203e-04, 2.6822601518850446e-03,
       2.8248881986891734e-03, 2.3393874001175581e-03,
       2.5717840681549991e-03, 2.4817215495365895e-03,
       1.8752837233612500e-03, 4.3680815701179800e-03,
       3.0353185543718331e-03, 2.1523526866733100e-03,
       1.9511074701210715e-03, 2.2723806524512420e-03,
       2.6273264872716514e-04, -4.8397677584994360e-03,
       -7.6179374565752186e-03, -8.6855378882906200e-03,
       -6.7516840796828246e-03, -2.1708526828190414e-03,
