%YAML:1.0
vanishingPointReticle:
   - 313.
   - 163.
heightReticles:
   - 323.
   - 326.
   - 329.
   - 336.
   - 135.
   - 128.
   - 117.
   - 94.
colorReticles:
   - 462
   - 450
   - 439
   - 428
   - 419
   - 410
   - 405
   - 399
   - 394
   - 389
   - 383
   - 381
   - 379
   - 378
   - 153
   - 153
   - 153
   - 153
   - 153
   - 154
   - 154
   - 154
   - 154
   - 154
   - 155
   - 155
   - 155
   - 155
lensCorrections:
   - 1.2000000000000000e+00
   - 1.0600000000000001e+00
   - 9.7999999999999998e-01
   - 9.3999999999999995e-01
   - 9.4999999999999996e-01
   - 9.3000000000000005e-01
   - 9.2000000000000004e-01
   - 9.2000000000000004e-01
gear0offset:
   - 2.9999999329447746e-02
   - 2.3000000044703484e-02
   - 1.6722800210118294e-02
   - 0.
