%YAML:1.0
currentTableZ:
   - 1.6210260375017593e-01
cropUpperLeftCorner:
   - 320.
   - 200.
vanishingPointReticle:
   - 309.
   - 189.
heightReticles:
   - 313.
   - 315.
   - 321.
   - 327.
   - 171.
   - 165.
   - 159.
   - 143.
colorReticles:
   - 462
   - 450
   - 439
   - 428
   - 419
   - 410
   - 405
   - 399
   - 394
   - 389
   - 383
   - 381
   - 379
   - 378
   - 153
   - 153
   - 153
   - 153
   - 153
   - 154
   - 154
   - 154
   - 154
   - 154
   - 155
   - 155
   - 155
   - 155
lensCorrections:
   - 9.5961840577377777e-01
   - 8.4144730183127703e-01
   - 1.9076132390489189e+01
   - 1.8340888068714147e+01
   - 1.0646103641010543e+00
   - 1.1677835827843062e+00
   - 1.1103454279724179e+00
   - 1.1399999999999997e+00
gear0offset:
   - 2.3000000044703484e-02
   - 2.3000000044703484e-02
   - 1.6722800210118294e-02
   - 0.
