%YAML:1.0
currentTableZ:
   - 1.6450770722527566e-01
cropUpperLeftCorner:
   - 320.
   - 200.
vanishingPointReticle:
   - 309.
   - 189.
heightReticles:
   - 313.
   - 317.
   - 321.
   - 324.
   - 171.
   - 165.
   - 159.
   - 144.
colorReticles:
   - 462
   - 450
   - 439
   - 428
   - 419
   - 410
   - 405
   - 399
   - 394
   - 389
   - 383
   - 381
   - 379
   - 378
   - 153
   - 153
   - 153
   - 153
   - 153
   - 154
   - 154
   - 154
   - 154
   - 154
   - 155
   - 155
   - 155
   - 155
lensCorrections:
   - 1.0839618405774235e+00
   - 1.2725802248917266e+00
   - 1.3051508746617957e+00
   - 1.0659822312500420e+00
   - 1.2800000000000000e+00
   - 1.3629823404658086e+00
   - 1.0801744737224528e+00
   - 1.0399999999999996e+00
gear0offset:
   - 2.3000000044703484e-02
   - 2.3000000044703484e-02
   - 1.6722800210118294e-02
   - 0.
