%YAML:1.0
currentTableZ:
   - 1.6029689263702654e-01
cropUpperLeftCorner:
   - 320.
   - 200.
vanishingPointReticle:
   - 311.
   - 187.
heightReticles:
   - 321.
   - 325.
   - 327.
   - 336.
   - 173.
   - 167.
   - 160.
   - 144.
colorReticles:
   - 462
   - 450
   - 439
   - 428
   - 419
   - 410
   - 405
   - 399
   - 394
   - 389
   - 383
   - 381
   - 379
   - 378
   - 153
   - 153
   - 153
   - 153
   - 153
   - 154
   - 154
   - 154
   - 154
   - 154
   - 155
   - 155
   - 155
   - 155
lensCorrections:
   - 1.1196184057737748e+00
   - 9.7354373140044903e-01
   - 9.0987992925900085e-01
   - 8.7699486185894504e-01
   - 1.2000000000000000e+00
   - 1.0700060576987525e+00
   - 9.9959844396450959e-01
   - 1.0099999999999998e+00
gear0offset:
   - 2.3000000044703484e-02
   - 2.3000000044703484e-02
   - 1.6722800210118294e-02
   - 0.
