%YAML:1.0
rangeMap: !!opencv-matrix
   rows: 21
   cols: 21
   dt: d
   data: [ 5.3378176517377271e-03, 5.1906061794552627e-03,
       5.0508504745490840e-03, 4.7128381740719474e-03,
       4.8877781417345041e-03, 4.6558602743976638e-03,
       2.3284008151022448e-03, 3.5274969572769889e-04,
       7.2849266070461327e-04, 8.2547848507957225e-04,
       -8.2769446923769191e-04, -7.4362949265329933e-05,
       2.7642528795199712e-03, 3.4533658566902538e-03,
       3.5401158848848320e-03, 3.5646859226508552e-03,
       3.0628073727619280e-03, 3.2936383555395659e-03,
       2.8932930279863219e-03, 1.6526753348103823e-03,
       1.2820724701773840e-03, 5.1718062305161922e-03,
       4.8761251376922372e-03, 5.0113130105615038e-03,
       4.6022328279324990e-03, 4.8078109071622689e-03,
       4.5530661198305211e-03, 2.7153423365403983e-03,
       -7.7759100660014136e-05, -5.8893407051300879e-04,
       -7.9233104370839689e-04, -7.4190497680951938e-04,
       2.0708698082028960e-03, 2.8712970203178105e-03,
       3.2374308430009966e-03, 3.0107576904149017e-03,
       3.4311672148395369e-03, 2.9074319065179465e-03,
       2.1987536860182478e-03, 2.0035356790438362e-03,
       1.7603312027838494e-03, 2.0713412974274967e-03,
       5.1514617306433969e-03, 4.8158452591536664e-03,
       5.1777932252687212e-03, 5.1644568137055548e-03,
       4.9380630790044318e-03, 4.8640876989216875e-03,
       3.3888198954258398e-03, -1.6669538840608173e-04,
       -1.6470481579280716e-03, -2.1225048559274547e-03,
       -1.2717037090350209e-03, 2.9879343177442639e-03,
       3.2249298828644279e-03, 3.4034343737549067e-03,
       3.4888306878818670e-03, 3.0979354631683093e-03,
       2.9072755153387304e-03, 1.8297546924363156e-03,
       1.2451090683215373e-03, 2.2363185916501691e-03,
       2.3822514780378933e-03, 5.4721683934048533e-03,
       5.6762917610988272e-03, 5.7390656054092304e-03,
       4.9615788579113317e-03, 4.4656473349285863e-03,
       4.6579266766639564e-03, 4.0219004999767580e-03,
       8.8972142933090991e-04, -2.2931284125313292e-03,
       -2.7496843924231379e-03, -1.8580472866522228e-03,
       1.9173809290548380e-03, 4.1900158789177026e-03,
       3.2725405304191183e-03, 3.1483801248247262e-03,
       2.5065871093146773e-03, 2.7171214508509220e-03,
       1.9933619024097671e-03, 1.7297111205789790e-03,
       2.1957651683722698e-03, 2.0994996229766411e-03,
       5.6488557358350946e-03, 5.3396286116019261e-03,
       4.4411262044834416e-03, 4.2314587395440636e-03,
       3.9892001521550898e-03, 3.9310655663292848e-03,
       3.9405880756325021e-03, 1.7908163970987378e-03,
       -1.8203440775411996e-03, -2.2617820926408502e-03,
       -4.0321878826542147e-04, 2.0297673906829140e-03,
       3.3245752536065747e-03, 2.6461206396521881e-03,
       2.6207317307028848e-03, 2.5721439024650838e-03,
       1.7981053750319657e-03, 2.1308432810123426e-03,
       2.0906956476895717e-03, 1.8077263632441162e-03,
       1.7265902960613235e-03, 5.2212102061861632e-03,
       4.4748432214878741e-03, 4.2188432190352499e-03,
       3.9344249409967282e-03, 3.6012740009514271e-03,
       3.4153094186348217e-03, 3.4640214048722168e-03,
       1.8237201354328119e-03, -1.4290851703178840e-03,
       -2.2222965130972838e-03, 9.1316508293230356e-04,
       1.9376134623469638e-03, 2.1995493103623177e-03,
       2.7826120001535315e-03, 2.3228771508883857e-03,
       1.8219026697552686e-03, 1.7865240383876557e-03,
       2.8044337110466533e-03, 2.2775233556896275e-03,
       1.9381791724502530e-03, 1.8703735292075129e-03,
       4.8462673810618891e-03, 4.3266909412107007e-03,
       4.4227173689941604e-03, 4.0704573463826253e-03,
       4.2003779007134317e-03, 4.2308750281849893e-03,
       3.6296018998432105e-03, 2.3208013882957679e-03,
       -7.5029681515011810e-04, -1.6415932927891614e-03,
       7.6766306533262020e-04, 2.7926579528553047e-03,
       2.8186763753715229e-03, 2.4275187487727929e-03,
       1.9594021281473138e-03, 2.2276803295648126e-03,
       2.7903964916185589e-03, 2.6566878292038506e-03,
       2.3755476131832056e-03, 2.0831142759759501e-03,
       2.0261485626558921e-03, 4.6451298627347253e-03,
       4.6570601309746272e-03, 4.4281137416859930e-03,
       3.7981379784087321e-03, 4.2240290466319698e-03,
       4.6850465395935747e-03, 3.7002015872035121e-03,
       2.1394851751911285e-03, -1.4461600754158530e-04,
       -2.0597102584244491e-03, 9.4152500170290694e-04,
       2.9299537478647531e-03, 2.3916366098174920e-03,
       1.5340339203121106e-03, 1.9003272803915258e-03,
       2.3165901906349053e-03, 2.4587791979898445e-03,
       2.3084751947411047e-03, 2.5490316011567136e-03,
       2.0547615274608788e-03, 1.8335652976856280e-03,
       3.8298465118150812e-03, 4.4288647456804144e-03,
       4.3110708052319525e-03, 4.4355078916600427e-03,
       4.9348632040713426e-03, 4.1578657061563636e-03,
       3.1671314479106171e-03, 2.5303552613734110e-03,
       1.0408139497966831e-04, -9.4963353711454703e-04,
       1.8179176527295159e-03, 2.1544580817947716e-03,
       2.2116073595775040e-03, 2.1900118437184319e-03,
       2.4873976044471270e-03, 2.4408473973451701e-03,
       2.7554302443872180e-03, 2.3650479383579763e-03,
       2.1509282603595025e-03, 1.8434068667436917e-03,
       1.6244018984036526e-03, 4.1790616556254935e-03,
       4.5525294730789211e-03, 4.5841622944969573e-03,
       4.5098619978481544e-03, 3.5172913398352824e-03,
       2.7588821123852819e-03, 3.4991034434109277e-03,
       3.2404644961989528e-03, -9.5688025941134203e-04,
       -5.5496656210432679e-04, 2.2943469600530848e-03,
       2.7675190667610680e-03, 2.3662370941395635e-03,
       2.5531109016130875e-03, 2.4360424683007890e-03,
       2.3128252297686764e-03, 2.2406482397840698e-03,
       2.0965839460271246e-03, 1.9897705151910800e-03,
       1.7580864641010138e-03, 1.4012463460284107e-03,
       4.4699633866752660e-03, 4.4341655113027626e-03,
       4.8963646468461984e-03, 4.3471409041100154e-03,
       3.6030891922315760e-03, 3.5899107892983988e-03,
       3.6053237547511987e-03, 2.9577390712147004e-03,
       -3.8308944513849684e-04, 8.9913700507104205e-05,
       2.5913905013170337e-03, 3.3529639544133808e-03,
       2.6254365317669886e-03, 2.5870928553465605e-03,
       2.3594406909600522e-03, 2.1150157607012590e-03,
       1.9622320466271535e-03, 2.2572358951086723e-03,
       2.0530729901917719e-03, 1.8495274450730909e-03,
       1.6183884274402469e-03, 4.8013544521185950e-03,
       4.2724397373736216e-03, 4.3131019618376058e-03,
       4.4442470100595835e-03, 4.1483023060290775e-03,
       3.6786643530489736e-03, 3.5345415106927611e-03,
       2.8025962057546300e-03, 8.9500582237491436e-05,
       7.0821329734198390e-04, 2.9002560049479235e-03,
       3.1637812874642079e-03, 2.7063209249733378e-03,
       2.2544037712570720e-03, 2.1967884155576186e-03,
       2.3250310659113163e-03, 2.0400984204914617e-03,
       1.5857801661930320e-03, 1.6406591865818772e-03,
       1.6201802189646246e-03, 1.5600708332583273e-03,
       4.6709497259616126e-03, 4.7028541664756980e-03,
       4.5958267784004135e-03, 4.4341073632426387e-03,
       4.0958599678050552e-03, 3.9308078350104234e-03,
       3.9204057436674931e-03, 3.0899302039967759e-03,
       -1.0237567048346650e-04, 7.0111524007669408e-04,
       2.8535931891541170e-03, 2.8772629700025737e-03,
       2.6998729917304689e-03, 2.5059415087482148e-03,
       2.2491022873678515e-03, 2.3490891653163526e-03,
       1.9606294303061585e-03, 1.8849832826128689e-03,
       1.9496424418962276e-03, 1.9283541279742811e-03,
       1.5949476014868944e-03, 4.1225129165319277e-03,
       4.2466540912844322e-03, 3.9419128677755030e-03,
       3.8920014794247863e-03, 4.1032198747293505e-03,
       3.9082541975025871e-03, 3.9865607516371866e-03,
       2.9742869646735290e-03, -1.0295855459531069e-04,
       5.3457940165466578e-04, 2.4930484071923574e-03,
       2.9951531115267058e-03, 2.6667811919748991e-03,
