%YAML:1.0
rangeMap: !!opencv-matrix
   rows: 21
   cols: 21
   dt: d
   data: [ 6.3977631241628335e-03, 6.1982205079732814e-03,
       6.8794681987417563e-03, 6.4749869133869705e-03,
       6.5814900466303651e-03, 6.5271412758425651e-03,
       6.3501204862613774e-03, 5.9105631301853276e-03,
       6.1206859667290335e-03, 5.9315296800476775e-03,
       5.5400855948439893e-03, 5.6995822512294608e-03,
       6.0294750405257428e-03, 6.0557814522888241e-03,
       6.1014236820969240e-03, 5.4313234392518710e-03,
       4.9899278370473315e-03, 5.2458060770686557e-03,
       4.6971368225514421e-03, 4.5913353149387810e-03,
       4.4723252856636872e-03, 6.5822726288452538e-03,
       6.5474321942179236e-03, 6.8548170544494493e-03,
       6.8675101588148305e-03, 6.6533989602504803e-03,
       6.4765081828713818e-03, 5.9450852746742583e-03,
       5.8938554879336769e-03, 5.8479067677739052e-03,
       6.0543508109126964e-03, 6.0463933819767980e-03,
       5.8158407817385620e-03, 5.5772943557358644e-03,
       5.6108759417782764e-03, 5.4466712777411263e-03,
       5.4423713986546359e-03, 5.0639810486881494e-03,
       4.7386851236126881e-03, 4.7598479730066433e-03,
       4.5477117634431553e-03, 4.4220925505817814e-03,
       6.5076608427493098e-03, 6.8644565825797229e-03,
       6.9040636179949193e-03, 6.8343171036858181e-03,
       6.4243614605813655e-03, 6.0093059644190554e-03,
       5.8538991868356070e-03, 5.6345394697865066e-03,
       5.5378198088244061e-03, 5.8348609754902301e-03,
       6.2282500568036289e-03, 6.0024765706031503e-03,
       5.6182559365081756e-03, 5.4749163725467745e-03,
       5.0712245858370248e-03, 5.1143910128775595e-03,
       4.8176783017895193e-03, 4.5708847048229091e-03,
       4.7097501702872474e-03, 4.7304530367515826e-03,
       4.6671216052856694e-03, 6.8289651487741148e-03,
       6.9902037033800230e-03, 6.9582346293321244e-03,
       6.3593192655174496e-03, 5.7065388290235943e-03,
       5.3702407837674399e-03, 6.2423335688998752e-03,
       6.3582731460488226e-03, 6.4958935509204264e-03,
       6.1404018099819341e-03, 5.9436412606019128e-03,
       6.0913996009280156e-03, 5.6400897219509418e-03,
       5.3877137845088317e-03, 5.0090870215326747e-03,
       4.8180602091748943e-03, 4.5904059890744401e-03,
       4.9589323858922748e-03, 4.3608734892369100e-03,
       4.7298438553911876e-03, 4.3616573496365867e-03,
       6.9829975674962673e-03, 6.7895949165945836e-03,
       6.5115195405451029e-03, 6.2627434900047740e-03,
       6.5623441249822003e-03, 6.2354535445001188e-03,
       6.4908466017676763e-03, 5.6724457801945833e-03,
       4.7310537787765075e-03, 5.4637893386749450e-03,
       5.5045645888061705e-03, 5.6142576664506292e-03,
       5.3086913894809587e-03, 4.9498147960103595e-03,
       4.8030439202785069e-03, 4.8171628424401531e-03,
       4.4885814682647527e-03, 4.2207247717700675e-03,
       4.0218503590539910e-03, 4.3939472170093303e-03,
       3.8234784411921474e-03, 6.7302223003377704e-03,
       6.7342559653052868e-03, 6.4473683445531657e-03,
       6.7605560015727333e-03, 7.1186404298801825e-03,
       6.6831454477147383e-03, 6.0632698103804585e-03,
       4.3777914202715864e-03, 3.3613221700827499e-03,
       3.8976517587240166e-03, 5.0666550556797063e-03,
       5.3646108256435870e-03, 5.2596326712839141e-03,
       4.8918770425414714e-03, 4.4934298553143317e-03,
       4.8368645763023554e-03, 4.7309273521173485e-03,
       4.4520415115694061e-03, 4.4137846840153717e-03,
       4.3948319760756960e-03, 4.3461118601028376e-03,
       6.4950197936252067e-03, 6.4912831318196277e-03,
       6.5070440722908227e-03, 6.7529961980230951e-03,
       6.8797767311073984e-03, 6.3428043939381916e-03,
       5.2015625232344886e-03, -4.9006564125587089e-05,
       -2.5907461025613350e-03, 9.0078390063451374e-04,
       4.3971700117041166e-03, 5.2676364818598420e-03,
       5.1632822811253773e-03, 4.7010077651781744e-03,
       4.0238990434020658e-03, 4.7487776085138522e-03,
       4.9001151105950791e-03, 4.4787058462635570e-03,
       4.2528636891709321e-03, 4.8005184770294300e-03,
       5.0819901017381342e-03, 6.5253482498802409e-03,
       6.7118665167656393e-03, 6.8408557785844450e-03,
       6.7113828953040845e-03, 6.4571312038167235e-03,
       5.9196164259425008e-03, 4.6999122740474381e-03,
       -1.3682100330074003e-03, -6.6142466264157637e-03,
       -1.2595291772506464e-03, 4.2719429476150792e-03,
       4.6890990872093894e-03, 4.7542185226894683e-03,
       4.4529044786659174e-03, 4.7807937001603700e-03,
       4.8005415813031031e-03, 5.2541567434082493e-03,
       4.9382414205528411e-03, 4.5006275480167198e-03,
       5.2959311609511121e-03, 5.2791597046532301e-03,
       7.0870214961938462e-03, 6.9531053916053326e-03,
       6.7263045379363628e-03, 6.4000736610311006e-03,
       6.2698420983929642e-03, 6.3240365332247681e-03,
       6.4838243307713348e-03, 3.9914456913495346e-03,
       -4.1920663574898402e-03, 1.0768430406417357e-03,
       4.1271153625425400e-03, 4.3891628186497446e-03,
       4.5518045340619930e-03, 4.8209732975271462e-03,
       5.2658525059622579e-03, 4.8917245879068517e-03,
       5.2500532899778466e-03, 5.7452583845979052e-03,
       5.4431627983920405e-03, 5.0441687570916428e-03,
       4.8757469654407736e-03, 7.0819019642842157e-03,
       6.8996306935822475e-03, 6.7449514867219196e-03,
       6.5177471032425655e-03, 5.9124611590507560e-03,
       5.8351837593949244e-03, 6.7499545861324731e-03,
       5.3161424260470738e-03, 4.5693913227787047e-03,
       4.9694494038844050e-03, 3.0583153656932420e-03,
       4.3611113681501189e-03, 4.6665189004924407e-03,
       5.0258978583850450e-03, 5.5261200760275114e-03,
       4.9823410199311751e-03, 6.0280306732008694e-03,
       5.9254762574053235e-03, 4.9070974876830502e-03,
       4.4940650219468300e-03, 4.4660676162071753e-03,
       5.9530826787481759e-03, 6.4620437223298424e-03,
       6.6265082029096228e-03, 6.6040307023073931e-03,
       5.8269066459475556e-03, 5.3503460013315188e-03,
       2.9405430336120384e-03, 4.8762653986835598e-04,
       4.3382066983648441e-03, 4.8447641117121600e-03,
       4.7364752559572627e-03, 5.3781935965236420e-03,
       5.2537240101300170e-03, 5.7060196164266360e-03,
       5.7128795653019092e-03, 5.3966275012058643e-03,
       5.5607051814779403e-03, 4.7142755800602771e-03,
       4.0867425616508577e-03, 4.4089105629828134e-03,
       4.0953716200703792e-03, 5.9322049107424354e-03,
       6.3491808469816622e-03, 6.3354594551300637e-03,
       6.3258946504816411e-03, 5.5452603814511760e-03,
       4.8784901735705139e-03, 7.7118572471440499e-04,
       -2.9991312221231223e-03, -1.2039768518486982e-03,
       6.3540496683440442e-04, 3.7454067256589372e-03,
       5.6219210099374825e-03, 5.2381382577045216e-03,
       5.6704429611291020e-03, 5.7806986121532742e-03,
       5.7093767632785735e-03, 5.1361612667831244e-03,
       4.6872138077329465e-03, 4.2129790812099003e-03,
       3.8712471949452756e-03, 3.7393094667676498e-03,
       5.5302373799956898e-03, 5.8883382849842826e-03,
       6.2067494715992311e-03, 5.8558352539025598e-03,
       5.6854399792272284e-03, 5.3129048350245792e-03,
       2.0888297162962753e-04, -4.6605132592296939e-03,
       -4.9517365319456733e-03, -3.3109811640514328e-03,
       2.2125454386567271e-03, 5.0393706749573422e-03,
       5.1734118254748536e-03, 5.6468490941957456e-03,
       4.9974952153990617e-03, 4.9792661004461293e-03,
       4.9624936598856558e-03, 4.6404329442792406e-03,
       3.9971382847994669e-03, 3.6405018238232678e-03,
       3.5347185708884824e-03, 5.1529221174379690e-03,
       6.0119213017748446e-03, 6.2552702147515389e-03,
       5.5202635642287671e-03, 5.4891667052299684e-03,
       4.9418141966297516e-03, 1.0984270378456511e-04,
       -6.8281959844233844e-03, -7.4748543621977435e-03,
       -4.5152300308020253e-03, 2.0758652481990634e-03,
       4.2131713312087479e-03, 5.0070641865622330e-03,
