%YAML:1.0
rangeMap: !!opencv-matrix
   rows: 21
   cols: 21
   dt: d
   data: [ 7.6846688282673570e-03, 5.2093187282019737e-03,
       5.3792976744509013e-03, 5.0030773840106122e-03,
       3.6676821050528659e-03, 3.0825318853189738e-03,
       2.3538048279526770e-03, 2.5069547348557093e-03,
       2.4597768358277121e-03, 3.0522984112197277e-03,
       3.2517844912188288e-03, 2.7074992066682940e-03,
       2.2808638887053677e-03, 1.6998447453914966e-03,
       1.6049803032883688e-03, 1.7801547933504113e-03,
       1.7448608905463495e-03, 6.6075863160568985e-04,
       6.0034240823552635e-04, 3.7200002554670748e-04,
       1.1651318347239690e-03, 4.0020673063039993e-03,
       3.4069945759419634e-03, 3.0029202970062356e-03,
       2.9073041145958305e-03, 2.4017827552954949e-03,
       2.0461276143288682e-03, 1.8575379547089391e-03,
       2.5767050569285702e-03, 2.3339089811412468e-03,
       2.3131821816252591e-03, 2.4249412996639550e-03,
       2.7563401193869742e-03, 2.7152737340072237e-03,
       1.9470243838403210e-03, 1.7200596917694266e-03,
       1.5256749899117200e-03, 1.0242674787122642e-03,
       7.0256228081005761e-04, 8.9209935696408073e-04,
       8.6440856172058725e-04, 1.0065987672536769e-03,
       3.1272732251221543e-03, 3.2543346131695202e-03,
       3.0663058935325193e-03, 2.6637057976765838e-03,
       2.2617885257659605e-03, 3.1145023351610551e-03,
       3.6344675863644277e-03, 3.4644829879134976e-03,
       1.3791971754615758e-03, -1.8540340948799909e-04,
       1.0180646535198660e-03, 2.2844533797809095e-03,
       2.9659432899908707e-03, 2.8562388478592187e-03,
       1.9929878347505897e-03, 1.0805462542946840e-03,
       5.5700961617315614e-04, 8.1962105025240508e-04,
       1.2619466435340951e-03, 1.0291321667914540e-03,
       1.2015784737409506e-03, 2.9136838340436295e-03,
       2.9949347115752734e-03, 2.7006055038334854e-03,
       2.1873170433566063e-03, 2.2200408771602732e-03,
       2.9702378980554639e-03, 3.8382984846910212e-03,
       2.7041598615240316e-03, -4.1531169455448326e-03,
       -9.3585436696852712e-03, -2.4206964810523099e-03,
       1.9857342213238818e-03, 2.5982062558522730e-03,
       2.5482220735027110e-03, 1.6737642912118701e-03,
       1.6491028281161325e-03, 1.6643279850144597e-03,
       1.0635641473713323e-03, 5.0243193307071218e-04,
       8.1059486455284521e-04, 1.4528903103789197e-03,
       2.6986523934739879e-03, 3.0213017775581456e-03,
       2.5725479291551527e-03, 1.9132980804570940e-03,
       2.1533581560562441e-03, 2.3259252776945938e-03,
       2.8473031314406594e-03, 1.8746003071001785e-03,
       -8.7243315354785175e-03, -1.5067171059968505e-02,
       -4.6827329991488151e-03, 2.0119528558423007e-03,
       2.4607559062887804e-03, 2.0589269356143165e-03,
       1.6132017992895103e-03, 2.2544502639133667e-03,
       1.0666482441413856e-03, 1.1218553817317627e-03,
       7.8856440070863506e-04, 1.0654073756307864e-03,
       8.5430442697362579e-04, 3.2243440773383879e-03,
       3.9115601805748022e-03, 3.3573610312989466e-03,
       2.2048799107745871e-03, 2.3371975549633297e-03,
       2.1215965957550806e-03, 2.0074282935545044e-03,
       1.5120880526866389e-03, -9.1912221328150842e-03,
       -1.5973855937716580e-02, -5.3607458654197117e-03,
       2.1506036075138331e-03, 2.5925998261012930e-03,
       1.8880467555911320e-03, 1.5006689393931524e-03,
       1.2172809923416586e-03, 6.4566292723554060e-04,
       5.8086583327439855e-04, 7.7802168687715069e-04,
       7.1719433564165671e-04, 8.4609285160269483e-04,
       4.9418596999463247e-03, 4.5045622253528702e-03,
       3.8627208496340082e-03, 3.4047806112438477e-03,
       3.1456724717512908e-03, 2.1939454732066515e-03,
       2.5178516941478661e-03, 9.1704751472712772e-04,
       -1.0472690340125951e-02, -1.4744909100011496e-02,
       -4.2555130190967422e-03, 1.6908502589509029e-03,
       2.2736419925976294e-03, 1.4896142015624588e-03,
       1.1218432909947294e-03, 8.1217972458145419e-04,
       7.4740254122426092e-04, 8.5268480877566323e-04,
       1.0433734832748884e-03, 7.8964251634194567e-04,
       1.3645838076651842e-03, 4.1277603076017360e-03,
       3.6122905497606027e-03, 2.9484981078736153e-03,
       2.9283552208720469e-03, 2.5678754153542131e-03,
       2.1050094162400985e-03, 1.5358544935593057e-03,
       -3.9622561005179580e-04, -1.1645015490038687e-02,
       -1.6581020595369478e-02, -5.0014621653349757e-03,
       6.6426511604946890e-04, 1.2471050039685782e-03,
       1.0394486988464812e-03, 9.0053175443131060e-04,
       7.5876876389708008e-04, 1.0940556177830888e-03,
       1.3790110677670564e-03, 1.1196644143088700e-03,
       8.6595817943406483e-04, 8.9416230357270560e-04,
       2.3956984814660050e-03, 2.2650733975943817e-03,
       2.3242648396549909e-03, 2.0926919139960206e-03,
       1.6662705236023248e-03, 1.3682428199278008e-03,
       1.4211835546146560e-03, 9.5699959495281235e-05,
       -1.1541004711105274e-02, -1.5240744707507237e-02,
       -3.9447710497616667e-03, -1.6642366355192385e-04,
       8.0168578910507621e-04, 8.0548077570784455e-04,
       3.9217136513841329e-04, 1.3799992573097018e-03,
       1.6705352681416726e-03, 1.3931657615348480e-03,
       9.8420943211627678e-04, 8.8405044395527873e-04,
       8.2500608029274986e-04, 2.2589990786062615e-03,
       2.2873364712077916e-03, 2.1323026021374302e-03,
       1.8197206383029124e-03, 2.0489109938664038e-03,
       1.3131341999472234e-03, 1.8727294439991893e-03,
       -1.7880448462742724e-04, -1.0405318224891156e-02,
       -1.2497064092136731e-02, -3.2780040973416848e-03,
       -5.6766226743848642e-04, 1.4069989679458752e-03,
       1.7488486732252970e-03, 8.3071430333918491e-04,
       1.1789764642817454e-03, 1.2735172813012801e-03,
       1.1293186721777078e-03, 6.5732567290127750e-04,
       7.5570327792564022e-04, 6.5000103947553058e-04,
       2.9958797943571125e-03, 3.3213593512241174e-03,
       2.5982585310111682e-03, 2.4990745446645422e-03,
       2.4812840424819557e-03, 1.6013654154619751e-03,
       7.5944948845972952e-04, -2.7820224973166413e-03,
       -1.1329661943637371e-02, -1.0648467947311198e-02,
       -3.9694617838181758e-03, -7.1772051697403252e-04,
       1.9290206072104133e-03, 2.1738787723217371e-03,
       1.2149004739364824e-03, 1.1102220262161045e-03,
       1.3199046589698039e-03, 1.1897647159631001e-03,
       1.0777913757086569e-03, 1.1723131232471576e-03,
       9.1222329898316633e-04, 3.7512120962859500e-03,
       3.6323724250264268e-03, 3.3266161069769352e-03,
       2.9884650003879935e-03, 2.4534461026836487e-03,
       1.2776112376177492e-03, -1.8697186957001750e-04,
       -6.3925216834782757e-03, -1.3752040172178730e-02,
       -1.3914861995011286e-02, -9.0214300182638579e-03,
       -1.9690002354563530e-03, 1.6763028885884027e-03,
       2.3889438419986220e-03, 1.7228811619445618e-03,
       1.2842082814737464e-03, 9.6516998425958550e-04,
       1.1918166750674464e-03, 8.7075911145911942e-04,
       6.1693511573618961e-04, 1.8680167622681814e-04,
       3.1772939152049907e-03, 3.2067359033078574e-03,
       2.8543613835716429e-03, 3.0904717435291467e-03,
       2.0802011770054522e-03, 1.2425080361486919e-03,
       -6.1725670075619260e-04, -8.8943865641718228e-03,
       -1.6429680805448720e-02, -1.5746729939795808e-02,
       -1.2815059492842293e-02, -4.0921183983866991e-03,
       1.0531708469584799e-03, 1.9569049379771137e-03,
       1.6304137246701722e-03, 1.3701034870184569e-03,
       1.0129187880504318e-03, 7.0057222032434937e-04,
       7.3329977365843774e-04, 4.7725239222944896e-04,
       5.2620927033178332e-05, 2.3862664588597798e-03,
       2.8178402850022842e-03, 2.2934011812548879e-03,
       1.8142556511857406e-03, 1.7298680507816580e-03,
       1.3654121974466466e-03, -1.9343963099722971e-03,
       -1.0831262087623911e-02, -1.7143455465271587e-02,
       -1.6672582744050181e-02, -1.3258517748244112e-02,
       -5.5446398651390330e-03, -9.9135603878949089e-05,
