%YAML:1.0
graspZ:
   - 0.
rangeMap: !!opencv-matrix
   rows: 21
   cols: 21
   dt: d
   data: [ 4.5379550128102489e-316, 1.1499012693629607e-315,
       3.2333975996124044e-316, 2.9601896135528803e-315,
       2.9601886649468402e-315, 2.9601883487448269e-315,
       2.9601880325428136e-315, 2.9601877163408002e-315,
       2.9601874001387869e-315, 3.2335047130444228e-316,
       2.9601870839367736e-315, 2.9601867677347602e-315,
       2.9601864515327469e-315, 2.9601861353307335e-315,
       2.9601858191287202e-315, 2.9601855029267069e-315,
       2.9601851867246935e-315, 2.9601848705226802e-315,
       2.5220898219406026e+180, 1.6850555893619998e+190,
       1.1436177467477775e+243, 9.9406300207419896e+247,
       1.1444910791117201e+243, 1.2799034002409343e-152,
       9.7743206020267693e+199, 4.7841585072040937e+180,
       9.7651955754388146e+199, 3.8141389074051612e+228,
       1.6937526854732026e+190, 1.4692277763931955e+195,
       8.5451605924486484e+194, 4.3828969483963607e+228,
       2.2120873804815751e+214, 8.9363467418532838e-106,
       5.0339598745336126e+223, 1.4143809028653577e+190,
       4.7841589968047170e+180, 2.6261392263528755e-144,
       1.4367564984698193e+161, 1.1746966714784046e+214,
       7.7511092129538923e+228, 5.2214660592449472e+180,
       5.8197850392431262e+199, 1.0459690834626479e-142,
       1.9928571236379951e-62, 1.7738011076475064e+194,
       1.4143808666851501e+190, 1.6779328400067928e+243,
       5.2265318852819207e+180, 5.8197850392431262e+199,
       2.4353365494465639e-152, 1.2943114384233874e+243,
       8.5451599020525333e+194, 3.6832173907173181e+180,
       1.7738011076479213e+194, 5.0909661914863926e+199,
       9.4665016361141290e+218, 5.5617784055149148e+40,
       1.7196490344867919e+238, 2.1998034586818449e-152,
       3.3115490120400587e+251, 3.7315113092296306e+194,
       5.5912194832599117e+252, 3.6574981098468843e+98,
       2.4353365494465622e-152, 3.5233792436017290e+246,
       5.8264836061456005e+252, 2.9601771630986051e-315,
       3.2335908780930575e-316, 0., 4.0355281952313018e-320,
       1.0118464426828729e-320, 1.0118464426828729e-320, 0.,
       2.9601801274924801e-315, 2.9601880325428136e-315, .Nan,
       1.8457119389815939e-310, 1.0397779375581615e-312, 0.,
       2.5463949491583268e-312, 2.5885435776937512e+161,
       2.9601804436944934e-315, 2.9601877163408002e-315, .Nan,
       1.8762686783714938e-310, 7.0025861101359921e-313,
       4.9406564584124654e-324, 2.6100548228872849e-312,
       9.7743172825192110e+199, 2.9601804436944934e-315,
       2.9601877163408002e-315, .Nan, 1.9034302244958493e-310,
       4.2439915818811381e-313, 4.9406564584124654e-324,
       2.6949346545258958e-312, 1.0643662708210071e-259,
       2.9601804436944934e-315, 2.9601877163408002e-315, .Nan,
       1.9242257832473089e-310, 3.3951932653468094e-313,
       1.9762625833649862e-323, 2.8222544019838122e-312,
       1.2931412424822236e+161, 2.9601807598965068e-315,
       2.9601874001387869e-315, .Nan, 1.9407773504168381e-310,
       1.9097962115228991e-313, 3.4584595208887258e-323,
       2.9495741494417285e-312, 1.4316497500060122e+214,
       2.9601807598965068e-315, 3.2335047130444228e-316, .Nan,
       1.9511751297925679e-310, 1.2731974741345043e-313, 0.,
       3.1193338127189503e-312, 1.8136441329230866e-152,
       2.9601807598965068e-315, 3.2335268471853565e-316, .Nan,
       1.9552069217954019e-310, 4.2439915784720851e-314,
       3.4584595208887258e-323, 3.3103134339058248e-312,
       2.5846842742591995e+161, 2.9601810760985201e-315,
       3.2335268471853565e-316, .Nan, 1.9556313209536444e-310,
       2.1219957835542876e-314, 0., 3.5012930550926993e-312,
       8.8823713410429853e+247, 2.9601813923005335e-315,
       2.9601867677347602e-315, .Nan, 1.9522361276880505e-310, .Nan,
       4.9406564584124654e-324, 3.8195924237374902e-312,
       1.2309482037746393e+257, 2.9601813923005335e-315,
       2.9601867677347602e-315, .Nan, 1.9441725436823825e-310, .Nan,
       2.9643938750474793e-323, 4.0105720449243647e-312,
       6.2908312131977508e+98, 2.9601817085025468e-315,
       2.9601864515327469e-315, .Nan, 1.9295307727247221e-310, .Nan,
       3.4584595208887258e-323, 4.1803317082015865e-312,
       9.4665007825330035e+218, 2.9601817085025468e-315,
       2.9601864515327469e-315, .Nan, 1.9108572097642277e-310, .Nan,
       9.8813129168249309e-324, 4.3500913714788082e-312,
       1.7213754301530444e-81, 2.9601817085025468e-315,
       2.9601864515327469e-315, .Nan, 1.8873030564845132e-310, .Nan,
       2.4703282292062327e-323, 4.4774111189367246e-312,
       6.9531436082562042e-310, 2.9601817085025468e-315,
       2.9601861353307335e-315, .Nan, 1.8631123044675091e-310, .Nan,
       9.8813129168249309e-324, 4.6047308663946409e-312,
       2.8822544819228754e+214, 2.9601820247045601e-315,
       2.9601861353307335e-315, .Nan, 1.8348897604476710e-310, .Nan, 0.,
       4.6896106980332518e-312, 2.8822544819228749e+214,
       2.9601820247045601e-315, 2.9601861353307335e-315, .Nan,
       1.8240675819137481e-310, .Nan, 0., 4.7532705717622100e-312,
       3.5181243862980791e+257, 3.2334730928430890e-316,
       2.9601861353307335e-315, 2.1219957909652723e-314,
       5.6423868081766591e-311, 3.3527533497201896e-312, 0.,
       4.7532705717622100e-312, 1.2631020666880002e+12,
       3.2334699308229556e-316, 2.9601861353307335e-315,
       2.1219957909652723e-314, 5.5426530060012913e-311,
       9.9733802174379668e-313, 9.8813129168249309e-324,
       4.6896106980332518e-312, 9.2944974567548267e+242,
       3.2334667688028222e-316, 2.9601861353307335e-315,
       2.1219957909652723e-314, 5.2731595405487017e-311,
       7.2147856892325193e-313, 4.9406564584124654e-324,
       4.6047308663946409e-312, 2.8822544819228754e+214,
       3.2334636067826888e-316, 2.9601864515327469e-315,
       2.1219957909652723e-314, 5.0227640372147996e-311,
       4.2439915816341052e-313, 0., 4.4774111189367246e-312,
       2.8822544819228764e+214, 3.2334604447625554e-316,
       2.9601864515327469e-315, 2.1219957909652723e-314,
       4.7872225044176543e-311, 3.3951932652974029e-313,
       2.4703282292062327e-323, 4.3500913714788082e-312,
       3.5181243862980818e+257, 3.2334572827424221e-316,
       2.9601864515327469e-315, 2.1219957909652723e-314,
       4.6004868748127104e-311, 1.9097962116217123e-313,
       2.4703282292062327e-323, 4.1803317082015865e-312,
       1.2631020666880020e+12, 3.2334541207222887e-316,
       2.9601867677347602e-315, 2.1219957909652723e-314,
       4.4604351526090024e-311, 1.2731974743321306e-313,
       2.4703282292062327e-323, 4.0105720449243647e-312,
       5.0205003783738894e+98, 3.2334509587021553e-316,
       2.9601867677347602e-315, 2.1219957909652723e-314,
       4.3734333251794262e-311, 4.2439915789661508e-314,
       2.9643938750474793e-323, 3.8195924237374902e-312,
       1.1390730075093275e+243, 3.2334477966820219e-316,
       3.2335268471853565e-316, 2.1219957909652723e-314,
       4.3458473798973718e-311, 2.1219957835542876e-314, 0.,
       3.5012930550926993e-312, 1.4204339049418265e+195,
       3.2334446346618885e-316, 3.2335268471853565e-316,
       2.1219957909652723e-314, 4.3479693756878430e-311, .Nan,
       2.4703282292062327e-323, 3.2890934759961721e-312,
       5.5849200519524569e+93, 3.2334414726417551e-316,
       2.9601874001387869e-315, 2.1219957909652723e-314,
       4.3882872957161831e-311, .Nan, 1.4821969375237396e-323,
       3.1193338127189503e-312, 1.2805921871603647e-152,
       3.2334383106216218e-316, 2.9601874001387869e-315,
       2.1219957909652723e-314, 4.4901430936825162e-311, .Nan,
       1.4821969375237396e-323, 2.9495741494417285e-312,
       4.8143347890973705e+199, 3.2334351486014884e-316,
       2.9601877163408002e-315, 2.1219957909652723e-314,
       4.6514147737958769e-311, .Nan, 4.9406564584124654e-324,
       2.8222544019838122e-312, 2.4381363193276658e-152,
       3.2334319865813550e-316, 2.9601877163408002e-315,
