%YAML:1.0
rangeMap: !!opencv-matrix
   rows: 21
   cols: 21
   dt: d
   data: [ 7.2167377058011285e-03, 7.2573501447215742e-03,
       7.0898405366522288e-03, 6.9974555957312192e-03,
       6.7718925029478134e-03, 6.5375849830044365e-03,
       6.4868865068696538e-03, 6.3679257700180432e-03,
       5.7446401833956143e-03, 4.7789826941937001e-03,
       4.8567010189333086e-03, 6.0982508509920211e-03,
       5.2640140402414205e-03, 4.4894947071516004e-03,
       4.6774629600517233e-03, 4.9419202222905408e-03,
       4.7668835097029443e-03, 4.7016482390730132e-03,
       3.7598993771632843e-03, 4.0845533161252010e-03,
       4.3675836531446048e-03, 7.2556501618597450e-03,
       7.1472182259137143e-03, 7.0168740105752024e-03,
       7.3038793903529861e-03, 6.8449794474481577e-03,
       6.3667912573829588e-03, 6.6357440744067740e-03,
       6.1607992681303814e-03, 5.7803967311799874e-03,
       5.3440567090316552e-03, 4.9555441128408843e-03,
       5.5212288403372421e-03, 5.2584860171690870e-03,
       4.5377151962073753e-03, 4.4825861241204051e-03,
       5.1341901775493644e-03, 5.3472144601591966e-03,
       4.6271666199481911e-03, 4.7449084321818154e-03,
       4.8566141748487817e-03, 4.7886927722093414e-03,
       7.1194167164023133e-03, 6.9026867751349110e-03,
       6.8172929168698803e-03, 6.7478539690491533e-03,
       6.2810564223459344e-03, 6.1406186903142160e-03,
       5.8404367877878090e-03, 5.4762657290646326e-03,
       5.5357055611663496e-03, 4.9690525388555538e-03,
       4.8691015768687271e-03, 5.3487023038701368e-03,
       5.3883431232370320e-03, 5.3312004450514891e-03,
       5.2063322314169283e-03, 5.1428329972909893e-03,
       4.8817587660236359e-03, 4.7904813119081123e-03,
       4.5735933630459066e-03, 4.4687248202842748e-03,
       4.1126309286623718e-03, 6.7649659067016742e-03,
       6.2428131761710689e-03, 6.2061167990322694e-03,
       6.2186113523210176e-03, 5.9440035335834376e-03,
       5.7238403145589492e-03, 5.5524069543238762e-03,
       5.7243272388985246e-03, 5.8767460853707491e-03,
       5.7109041913398348e-03, 5.3565985226296173e-03,
       5.5413818006043690e-03, 5.6322070257705829e-03,
       5.5718390229704184e-03, 4.9834550460943891e-03,
       4.9073802479666813e-03, 4.7934820221058024e-03,
       4.7414703951463620e-03, 4.4844567166660862e-03,
       4.0935329218435516e-03, 3.7365300374325328e-03,
       6.1188645179429298e-03, 5.9864953757895268e-03,
       6.0907362861102520e-03, 6.1218642784849455e-03,
       6.2327812086730647e-03, 5.8435317287800518e-03,
       5.6389155003713975e-03, 5.4894092469780090e-03,
       5.1981030113801910e-03, 5.5461000666421068e-03,
       5.6066288469481338e-03, 5.7954165841533536e-03,
       5.9173091822570835e-03, 5.5274160970310822e-03,
       4.8785914056311570e-03, 4.8510164545196178e-03,
       4.7297213040303392e-03, 4.2225737789679130e-03,
       4.1883432845106292e-03, 4.3786122533406744e-03,
       3.9720844262808516e-03, 6.4617987205056191e-03,
       6.0519682238235981e-03, 5.9643106971575951e-03,
       6.2754244254520876e-03, 6.3792310280630805e-03,
       6.1377811179807755e-03, 5.9504913752581202e-03,
       5.2684638072312551e-03, 4.9497986753409664e-03,
       5.1939913745284120e-03, 4.8489066802379164e-03,
       5.5619038363198666e-03, 5.9070159198588348e-03,
       6.4593147200063140e-03, 5.4669576708131461e-03,
       4.9597223100381702e-03, 4.8044085183294285e-03,
       4.1162631103641729e-03, 3.5562006181237703e-03,
       4.0678848973174069e-03, 4.1697479754858151e-03,
       6.3905959506940068e-03, 5.9373912847785239e-03,
       6.1451673757012461e-03, 6.8155063808519514e-03,
       6.3571253479952003e-03, 6.5101581403710588e-03,
       5.8054294270764965e-03, 4.7900438901390509e-03,
       4.5457185605734460e-03, 3.1990176598972984e-03,
       3.0986808069519999e-03, 4.6943501947923003e-03,
       4.4528935306529412e-03, 5.6655320815711865e-03,
       5.4912138288358879e-03, 4.8096303840429143e-03,
       4.2236941654306207e-03, 3.9758379719140990e-03,
       3.9960634395483250e-03, 3.9022055189488476e-03,
       3.5876813201779524e-03, 5.7715465422814262e-03,
       5.9206039542593937e-03, 5.9305239771006270e-03,
       6.3084292701648635e-03, 5.2087078522361895e-03,
       5.1141736684508820e-03, 5.4285116224243165e-03,
       2.6151438400157504e-03, 1.3494635566757033e-03,
       -1.8139794176969706e-03, -1.1712974060654440e-03,
       1.4826915452286343e-03, 8.9375781257172108e-04,
       3.1797593621604460e-03, 4.2044437276474817e-03,
       4.6013218368905076e-03, 4.3034722246650271e-03,
       4.2889252627186861e-03, 4.1252626253710806e-03,
       4.0628062952678765e-03, 3.6708170792621388e-03,
       5.3670955905746618e-03, 5.5499198399090611e-03,
       5.1225254218152860e-03, 4.0875721575718950e-03,
       1.3211222595960210e-03, 1.2101218516365627e-03,
       -2.3493489529706662e-03, -7.2370669237974139e-03,
       -9.2919796715211517e-03, -1.0402743297293196e-02,
       -9.7076922574980511e-03, -7.0998635421512203e-03,
       -3.9862512833874313e-03, 1.6268273654101064e-03,
       3.8631704921588917e-03, 3.9525006282510851e-03,
       4.0208950990512195e-03, 3.9548995364469533e-03,
       3.8374974740287763e-03, 3.9657834466362432e-03,
       3.6928726414042854e-03, 6.0102100635730038e-03,
       5.7606396737084854e-03, 4.9958569401749205e-03,
       1.6884895674091924e-03, -4.3177914881412198e-03,
       -7.4449422454373861e-03, -8.6143495944728705e-03,
       -1.0752580228963473e-02, -1.1656407096880065e-02,
       -1.1859746998207965e-02, -1.1838564095995891e-02,
       -1.0963449984586475e-02, -7.4929681896604558e-03,
       -5.4169431185218276e-04, 3.8936691911330245e-03,
       3.7512431365338572e-03, 3.7483260026937321e-03,
       3.9490995077321447e-03, 3.8603293553172826e-03,
       4.3474897130060253e-03, 4.7333403715667469e-03,
       5.6447339903927573e-03, 6.0798405109727793e-03,
       6.0213187176329699e-03, 1.9554577611730324e-03,
       -4.2263502866376583e-03, -6.8148874100910674e-03,
       -5.5572574826784201e-03, -6.0576163511010684e-03,
       -6.7457227190693856e-03, -8.7375026693739775e-03,
       -1.1483174715230811e-02, -1.1446114138073244e-02,
       -6.6035871242775832e-03, 1.7374597739958869e-03,
       4.5149028904339751e-03, 4.3421478244387553e-03,
       4.0003559427931315e-03, 3.8496675472627600e-03,
       3.8475407827554438e-03, 4.4749951661147945e-03,
       4.6603435650734229e-03, 6.1961426104370117e-03,
       6.2102113845781759e-03, 6.0151460772072040e-03,
       4.2602157224092526e-03, 2.9403486668526037e-03,
       2.8877870352063450e-03, 1.6757720450300444e-03,
       1.5280443461597429e-03, -1.6798734983461836e-04,
       -2.1130735286521525e-03, -4.1017330418111828e-03,
       -2.7798810247284885e-03, 1.1178883007009833e-03,
       3.6984302707342067e-03, 4.8516672200406806e-03,
       4.5746653015869380e-03, 4.0743028365331354e-03,
       4.0729144747915771e-03, 4.5764039877933685e-03,
       4.6194996995270188e-03, 4.4014096053001236e-03,
       6.2583028152095755e-03, 6.2375804435706103e-03,
       5.7517514592322124e-03, 5.2783656085538984e-03,
       5.2040959730475797e-03, 4.5110451340420457e-03,
       3.9433123767944819e-03, 4.5879108328121003e-03,
       3.8753845562626171e-03, 3.2023347337954882e-03,
       2.9071861161470629e-03, 3.5370566534761892e-03,
       4.3822594992242083e-03, 4.4694066640245710e-03,
       4.8842363947671835e-03, 5.1084849323238578e-03,
       4.4760008865937671e-03, 4.2203212154473015e-03,
       4.6412040887647919e-03, 4.3465650777160837e-03,
       4.3256392153668902e-03, 6.3697848257023839e-03,
       6.4692812046255573e-03, 5.8425901732996263e-03,
       5.2642907589706689e-03, 4.8701437980663374e-03,
       4.7245476561524839e-03, 5.1254110299270147e-03,
       5.2510327351431721e-03, 4.9184150108311404e-03,
       3.8478386778201712e-03, 3.4582167789541031e-03,
       3.7331472596941902e-03, 4.3486484162103536e-03,
