%YAML:1.0
rangeMap: !!opencv-matrix
   rows: 21
   cols: 21
   dt: d
   data: [ 3.4633712174190049e-03, 3.7507609460797481e-03,
       3.9510867441147684e-03, 2.9463673698317482e-03,
       1.6729902352806377e-03, 5.4613724035125944e-04,
       -6.2919246523524385e-05, -2.8235733179302180e-03,
       -5.6514469650473763e-03, -6.3741967645584222e-03,
       -6.2034654487550236e-03, -6.2827490436699537e-03,
       -4.5446300226386592e-03, -6.4788218091167834e-04,
       2.2469539625480459e-03, 1.6949566093984298e-03,
       9.6802497841060498e-04, 1.2641583538719578e-03,
       1.1127497307501196e-03, 1.7602227849434940e-03,
       1.8589713871295082e-03, 3.7271474993442895e-03,
       3.5592922999720684e-03, 2.5403127198284849e-03,
       8.7451775470237221e-04, -1.9501137037145526e-03,
       -9.9567186475923910e-03, -1.9582664580377367e-02,
       -2.4364814568010845e-02, -2.2918870947481126e-02,
       -2.3062873181239788e-02, -2.6793435079538176e-02,
       -2.7785535827870765e-02, -2.0239801488660902e-02,
       -1.1977682153966662e-02, -2.6593092038071724e-03,
       1.0888670089683626e-05, 7.6287106711358889e-05,
       1.1420723478671598e-03, 1.3688721206113993e-03,
       1.2382456080578330e-03, 1.0374502386440005e-03,
       3.4273820001149884e-03, 3.3732951553260798e-03,
       1.7060470003584754e-03, -6.3916686051443457e-03,
       -1.9703240023421675e-02, -3.2227143664912236e-02,
       -4.0720756925242983e-02, -4.0043748667226417e-02,
       -3.0545925270476421e-02, -2.1917460988950282e-02,
       -2.3067861723949076e-02, -2.8671426335267008e-02,
       -3.1155587923954901e-02, -3.2221657689757696e-02,
       -2.7381564382699942e-02, -9.8014870012495346e-03,
       -1.8278819180011312e-03, 1.4622371213713517e-03,
       1.5627818581216203e-03, 1.4316386435672976e-03,
       1.6357575464059787e-03, 3.0998504273313898e-03,
       2.3796039196280080e-03, -2.1111670642520505e-03,
       -2.0645859812055196e-02, -3.8322679640129434e-02,
       -4.5718503496608401e-02, -4.8512476534052489e-02,
       -4.3431863528430155e-02, -3.4831250258114219e-02,
       -2.5259734856338267e-02, -2.2610705846078896e-02,
       -1.9633951028637485e-02, -1.6818700040983004e-02,
       -2.3450301922069615e-02, -2.7642309266733885e-02,
       -2.5159114116427541e-02, -1.0379649970375977e-02,
       -4.4574303701132344e-04, 6.6938864540733547e-04,
       4.0720014124127538e-04, 1.0435950883102645e-03,
       2.7748439446275276e-03, -3.2173525991515922e-03,
       -1.9308235141147708e-02, -3.7773933146811219e-02,
       -4.7337618804554754e-02, -5.0112992977147490e-02,
       -5.1823404669139095e-02, -5.1023275559341663e-02,
       -4.8992264256709293e-02, -4.7423962244414704e-02,
       -4.6670758341002774e-02, -4.3617797783025089e-02,
       -3.2562833927007033e-02, -2.0078971854457110e-02,
       -1.1607208895630571e-02, -1.8826817842114964e-02,
       -1.8884520104463370e-02, -6.4478990558190143e-03,
       -6.1667830585812556e-04, 6.7464953381981706e-04,
       3.3263174150058257e-04, 3.6147358604977507e-03,
       -9.5657325858352921e-03, -3.5022789134059040e-02,
       -4.6025649544380424e-02, -4.9385745624926820e-02,
       -5.2420933291726139e-02, -5.5184633173080880e-02,
       -5.6649913949989132e-02, -5.3546810595461854e-02,
       -4.9429723248188361e-02, -5.2763952475871692e-02,
       -5.4463031093414251e-02, -5.3048279728168557e-02,
       -4.2651130839398838e-02, -2.1517746560713719e-02,
       -1.5481979567382526e-02, -2.5989411712967855e-02,
       -1.8376399048508442e-02, -3.8006486280971834e-03,
       -1.5568558979822621e-04, 6.1996915680397806e-04,
       6.7627765069611068e-04, -1.8890494376979948e-02,
       -3.4689910071019237e-02, -3.9490460135627743e-02,
       -4.9899749119732315e-02, -5.6640298715418952e-02,
       -5.5536200211102532e-02, -4.7546458493370067e-02,
       -4.0141529072658944e-02, -1.9100293208830291e-02,
       -4.2507413499131126e-02, -4.6707705845977526e-02,
       -5.0189355887956852e-02, -5.3538601334473600e-02,
       -4.6238659457456040e-02, -3.1246644192584300e-02,
       -3.5617591695139943e-02, -3.1764177797192657e-02,
       -8.9696686244048803e-03, -5.0894352143769530e-04,
       3.9923567910200088e-04, -7.4575659404800439e-03,
       -2.1063054936720515e-02, -1.9843218518919428e-02,
       -2.7114213132043458e-02, -5.0282194908934673e-02,
       -5.8002608726292343e-02, -4.8381302331608561e-02,
       -2.8932573931854871e-02, -2.4390076995488130e-02,
       -1.6950492759178159e-02, -2.1200059010400160e-02,
       -1.5358654968889074e-02, -3.0985910443958278e-02,
       -4.9263903400883394e-02, -5.4547799936861742e-02,
       -4.9717211094056281e-02, -4.8645139081503093e-02,
       -4.0580654398431087e-02, -1.6261650662565030e-02,
       -2.3261409344787422e-03, 6.2256278504411479e-04,
       -1.8392596177285572e-02, -2.3000362805716081e-02,
       -1.5221570011189439e-02, -3.3245465702967998e-02,
       -5.3109597310641563e-02, -5.6259346570989674e-02,
       -3.8426262210526044e-02, -2.3061888118744798e-02,
       -2.5633529619585274e-02, -2.1008205158735142e-02,
       -2.1215764464596280e-02, -1.4567322007844443e-02,
       -2.6955185208398305e-02, -4.6367467057545422e-02,
       -5.5079314005434546e-02, -5.4213121912208839e-02,
       -5.1542644424412171e-02, -4.5743958049086764e-02,
       -2.3391393204913583e-02, -3.8803792792582699e-03,
       6.8128801389278173e-04, -2.5824519311014160e-02,
       -2.6431042324063264e-02, -1.5809773940922100e-02,
       -3.5552803667463995e-02, -5.3288083507485311e-02,
       -4.9182708033832047e-02, -3.0252785502673497e-02,
       -2.2224502996225266e-02, -2.3990039382456634e-02,
       -2.4669114668542051e-02, -2.3933968863683878e-02,
       -2.3674920988528619e-02, -3.0497729400288116e-02,
       -4.1571346815631245e-02, -5.3483790045739256e-02,
       -5.6228155466468033e-02, -5.2451005970681149e-02,
       -4.7312642118908024e-02, -2.6589449303176048e-02,
       -4.8236921922725677e-03, -3.9140223202850199e-07,
       -2.3912897481835779e-02, -2.8097388559593900e-02,
       -1.7761375048649400e-02, -3.8043195103737382e-02,
       -5.1761793639417311e-02, -4.3238326566218482e-02,
       -2.9965390386159894e-02, -2.5289216938567741e-02,
       -2.5741178813046925e-02, -2.6409546098274488e-02,
       -2.6144756077432295e-02, -2.7608468171852318e-02,
       -3.1331967537824836e-02, -4.2189738911618750e-02,
       -5.5813494068613162e-02, -5.6667497701520332e-02,
       -5.2857093409498124e-02, -4.7908308688936321e-02,
       -2.6128791687884272e-02, -4.7880781329604641e-03,
       -3.7387372237436203e-04, -2.3328878593696943e-02,
       -2.4849923299529689e-02, -1.3761022968679162e-02,
       -3.7714496144810837e-02, -5.2395031165603304e-02,
       -4.6720369499056474e-02, -3.5501384169356505e-02,
       -2.7991270965420343e-02, -2.8521550111905408e-02,
       -2.7320283034073828e-02, -2.8018500600613058e-02,
       -3.0654195562293061e-02, -3.7437007005938168e-02,
       -4.7052842486886771e-02, -5.7446011114414629e-02,
       -5.1154509113810531e-02, -4.3367123539212640e-02,
       -4.3863876536033623e-02, -2.3717536150378069e-02,
       -3.4977548817319943e-03, -2.6296793346009662e-04,
       -1.5486163900918455e-02, -2.7439347205607346e-02,
       -1.3701340604072987e-02, -2.8364207633345028e-02,
       -5.2549344352260254e-02, -5.2274396730257813e-02,
       -4.2000778300784462e-02, -3.1766902796830261e-02,
       -2.8255526408821847e-02, -3.1677151387197795e-02,
       -3.0931670236797867e-02, -4.0145955416395207e-02,
       -5.6202530741246835e-02, -5.6341046484294388e-02,
       -5.6336761628145542e-02, -3.8537926408865802e-02,
       -2.4067057491367772e-02, -3.3813699834453058e-02,
       -1.9023448784855474e-02, -3.1013110679918117e-03,
       -9.7478283054408340e-05, -6.8093210687575796e-03,
       -2.5892740554853994e-02, -1.9430016658903870e-02,
       -1.9039571943273922e-02, -4.5345632398972532e-02,
