%YAML:1.0
rangeMap: !!opencv-matrix
   rows: 21
   cols: 21
   dt: d
   data: [ 5.5903539491473407e-03, 5.8790331566769905e-03,
       6.0510541931867827e-03, 5.0228807351118789e-03,
       4.5204773848102411e-03, 4.4760087975596243e-03,
       4.9615524157124290e-03, 3.6736060399069166e-03,
       3.4261436358766829e-03, 5.2427085720519314e-03,
       4.8905822169897891e-03, 3.7886772305755012e-03,
       3.5348352773442323e-03, 3.4077716935327369e-03,
       3.9947112440850792e-03, 2.6678739579750529e-03,
       1.3894138281418124e-03, 2.3994151667409381e-03,
       3.0589932113936581e-03, 2.4305155215439216e-03,
       2.7000642665143660e-03, 6.1498671263830254e-03,
       6.0405227485244885e-03, 5.8302562724489504e-03,
       5.0639255654289280e-03, 5.0247258278153014e-03,
       5.4017552062514832e-03, 5.1872326532842652e-03,
       4.8247393728037885e-03, 4.5467837890832150e-03,
       4.8658746825710510e-03, 4.7349465324963797e-03,
       4.6165586314703220e-03, 4.8319721195227740e-03,
       4.2565442667904640e-03, 4.1253983215814851e-03,
       2.5988164195012205e-03, 2.5369277793987387e-03,
       3.1195658454817978e-03, 3.4420935856789921e-03,
       3.5129650412437739e-03, 3.0396195666281172e-03,
       5.5723868741664332e-03, 5.2244087366792435e-03,
       5.2135573090003988e-03, 4.8172611020660715e-03,
       5.3977248392488228e-03, 5.9614764385415167e-03,
       5.4504760562645816e-03, 4.7354790214431362e-03,
       4.5017768440155457e-03, 4.6517909646443447e-03,
       5.0345059319802463e-03, 4.4838689546712268e-03,
       4.9677736938282908e-03, 3.7720049091029060e-03,
       2.7317801602805268e-03, 3.4176005560311172e-03,
       3.1716809372649437e-03, 3.7515482682792256e-03,
       3.7046466111982602e-03, 3.4610441140373537e-03,
       2.8052361712385147e-03, 5.4741942383152000e-03,
       5.2478215573175139e-03, 5.2271020383112777e-03,
       4.9494991801887836e-03, 5.7963349703022407e-03,
       6.5027688882373525e-03, 5.6482584216695298e-03,
       4.6566868868896764e-03, 4.6279512883004312e-03,
       4.7151857798773981e-03, 4.4935432450328274e-03,
       3.2616140297898276e-03, 2.8411927983279014e-03,
       1.3320536791060903e-03, 1.4293795486685279e-03,
       4.1276669443317772e-03, 3.2847728200275368e-03,
       3.3677975554051859e-03, 3.3603508697451073e-03,
       3.5834438380327664e-03, 3.4080525074002077e-03,
       5.6105962503912102e-03, 5.3642594462329539e-03,
       5.3691222963861574e-03, 5.4238474993750438e-03,
       5.3753658609136537e-03, 5.4536411040465669e-03,
       4.5803839761111532e-03, 1.9622104902173236e-03,
       2.4370801215830525e-03, 4.2671186883580505e-03,
       4.1817707607883278e-03, 5.5107124802390595e-03,
       2.4633666840059624e-03, 1.3680402462363053e-04,
       2.3512731895971046e-03, 3.3026747090947094e-03,
       2.8326465443819899e-03, 3.1461394071087877e-03,
       4.0575066252850405e-03, 3.7412834071877108e-03,
       3.4049507890217146e-03, 5.7309677928900314e-03,
       5.4732780471509401e-03, 5.0678103456514179e-03,
       5.0622368662790219e-03, 5.1048473451831521e-03,
       5.3160231160504015e-03, 5.2563726150618136e-03,
       -2.2814903652542658e-03, -4.0460999961777185e-03,
       3.0700339288893836e-03, 3.7488333910695119e-03,
       1.8657844640093766e-03, -1.6136820611090607e-03,
       1.9304643257664958e-03, 2.9519196389211238e-03,
       3.9918687485360751e-03, 3.7484675355745388e-03,
       3.9590407726247459e-03, 4.3219654842060464e-03,
       3.5639677633961470e-03, 2.7516405140184468e-03,
       6.6136418471368910e-03, 5.3867493608910641e-03,
       5.2582040474392390e-03, 5.1147291047296504e-03,
       4.7091937908153546e-03, 5.0977642682422551e-03,
       4.8959114244088789e-03, 1.9671572612097888e-03,
       -9.3359634112715774e-04, 1.3918102224567117e-03,
       2.9711152110220083e-03, -3.2690841551974497e-03,
       -3.1851961092936396e-03, 3.3406723413547442e-03,
       3.5627523643361218e-03, 3.6949744600620997e-03,
       4.6827773911676312e-03, 5.0428155980507140e-03,
       4.1386878312362615e-03, 3.5560451419012398e-03,
       2.9997561449244987e-03, 5.6440199681859985e-03,
       5.0085517900687769e-03, 5.1992813807215273e-03,
       5.4280061373962827e-03, 4.8980281513510441e-03,
       4.5644693405051647e-03, 3.9536314864163776e-03,
       2.7347016109512574e-03, -1.3737254672331043e-03,
       -2.5971278560212653e-04, 1.1684297949923819e-03,
       -5.7601706404811544e-03, -2.3498707854349593e-03,
       3.1441590858007663e-03, 4.7290147700421049e-03,
       3.6826897557563072e-03, 4.1539852363364303e-03,
       4.1425001179404685e-03, 3.6540797485131089e-03,
       3.4187003796823561e-03, 2.1569306785884750e-03,
       5.4004077057515486e-03, 4.9358417658548689e-03,
       4.6142411889793658e-03, 4.7832008117281990e-03,
       4.6082740980848943e-03, 3.4275558221059121e-03,
       2.8872129605990284e-03, 2.7326108198420258e-03,
       -1.3834838714565682e-03, -4.2707529680268289e-03,
       -4.9034738273911723e-03, -8.4292275008502580e-03,
       -6.1931965313863065e-04, 3.7262373439706409e-03,
       4.6987002351249968e-03, 3.9709873018592820e-03,
       4.5131972597050570e-03, 4.0706121691892706e-03,
       3.4922721068990333e-03, 3.3931594681205672e-03,
       2.2334813114677820e-03, 5.2369367341751245e-03,
       5.2799186220579631e-03, 4.9525678611775596e-03,
       4.6894386800063236e-03, 4.6302737373181066e-03,
       4.3228993784223688e-03, 3.7083357268732618e-03,
       2.8901750857047836e-03, -3.7017871653958843e-03,
       -1.3058923442283351e-02, -1.6926151493516953e-02,
       -1.5236324191935262e-02, -4.9382261971199362e-03,
       1.4526947483301999e-03, 3.6110796140908156e-03,
       4.0542341620300303e-03, 3.6907248974359648e-03,
       3.1296745320146661e-03, 3.4174217171222343e-03,
       3.3661563823181822e-03, 2.7693769490525601e-03,
       4.9187015602890462e-03, 5.3788918215007600e-03,
       5.2428044178737124e-03, 4.3350130862872729e-03,
       4.3989916347832309e-03, 4.2749611377656095e-03,
       3.7178833720612858e-03, 1.4839076589968326e-03,
       -1.0714504269594003e-02, -2.4503488466883702e-02,
       -2.7285815057180921e-02, -2.6606234389616540e-02,
       -1.3049545510300237e-02, -2.1717218654330270e-03,
       3.0656521583615160e-03, 3.5711815158748026e-03,
       2.8624463821241702e-03, 2.4700988601142728e-03,
       3.1072601557800396e-03, 3.0092089513154411e-03,
       2.5999564891290277e-03, 4.6484787076616725e-03,
       5.5643697520147851e-03, 4.9682412646694755e-03,
       3.5114547088673448e-03, 3.6179879805386373e-03,
       4.2978857825914461e-03, 3.8059826889840702e-03,
       -1.7547969571494334e-03, -1.9964695360518120e-02,
       -3.3765627404918265e-02, -3.5350683420184874e-02,
       -3.8348450056275400e-02, -2.7111785027327126e-02,
       -5.7262690955241554e-03, 2.4311265435964552e-03,
       2.4531228584352420e-03, 2.4848469882897744e-03,
       2.0912343127581813e-03, 2.4638753271799502e-03,
       2.3272077591334462e-03, 1.6699553182862234e-03,
       4.7208673471051035e-03, 4.8958753169364320e-03,
       3.6568830950507235e-03, 3.1580524629612528e-03,
       3.9566015956312619e-03, 4.3506730156791466e-03,
       3.5423042420415097e-03, -2.7906989542404964e-03,
       -1.6821135317651260e-02, -3.4967814755458973e-02,
       -4.1239593090698717e-02, -4.2417319505671645e-02,
       -3.3045516459216960e-02, -5.0641386925313215e-03,
       2.2539689837760171e-03, 1.9212570458434000e-03,
       1.5311442053406567e-03, 1.2985800671685623e-03,
       1.9116211512951997e-03, 2.0597961156546825e-03,
       2.0182784712111548e-03, 5.0083820464805907e-03,
       4.5827022591051923e-03, 3.7518147374177740e-03,
       3.7187130721298384e-03, 4.2978879213663636e-03,
       4.4871278006656376e-03, 3.8843679566953125e-03,
       -2.9612458062148528e-04, -9.1873887757664072e-03,
       -2.5356409741320550e-02, -3.6325665910001186e-02,
       -3.3753732290017428e-02, -2.1044339737878687e-02,
