%YAML:1.0
graspZ:
   - 0.
rangeMap: !!opencv-matrix
   rows: 21
   cols: 21
   dt: d
   data: [ 3.2996160718922084e-315, 3.2996160718922084e-315,
       2.1502686447162990e+117, 0., 0., -4.5355618605508977e+186,
       -6.6950772234442472e+307, .Nan, -6.1299935898668158e+307,
       -4.4237028400446094e+51, 1.3307982178984518e-315,
       -3.8670217965949440e+191, -1.7937276950339436e+308, .Nan, .Nan,
       .Nan, -3.6644908693210308e+138, -1.3879312282115632e-171, .Nan,
       .Nan, .Nan, .Nan, -1.7375489280324065e+308,
       2.2296908455715576e+117, -7.2579619907703921e+307, .Nan, .Nan,
       .Nan, .Nan, -8.1050325433675679e+307, -1.5936298751022642e+307,
       .Nan, .Nan, .Nan, .Nan, .Nan, -7.7719146394190268e+244, .Nan,
       .Nan, .Nan, .Nan, .Nan, .Nan, -1.1709188888893352e+307, .Nan,
       .Nan, .Nan, .Nan, .Nan, -3.7611602232865516e+307, .Nan, .Nan,
       .Nan, .Nan, .Nan, .Nan, -1.1709188888564430e+307, .Nan, .Nan,
       .Nan, .Nan, .Nan, -3.7611602232865516e+307, .Nan, .Nan, .Nan,
       .Nan, .Nan, .Nan, -1.1709188888564430e+307, .Nan, .Nan, .Nan,
       .Nan, .Nan, -3.7611602232865516e+307, .Nan, .Nan, .Nan, .Nan,
       .Nan, .Nan, -1.1709188888564430e+307, .Nan,
       -4.4666886363739533e+307, -2.7736407448943854e+307,
       -7.8230414774393253e+307, .Nan, -3.7611602232865516e+307, .Nan,
       -1.8056752303254503e+307, -7.5410504142029883e+307,
       -8.3870193189932133e+307, -2.9146362770376754e+307, .Nan,
       -1.1709188888564430e+307, -2.3506541509597088e+307,
       -8.6690146676728171e+307, -9.4775279146349383e+307,
       -1.0605492167579260e+308, -3.7606116101573252e+307,
       -3.7611602223017077e+307, -1.7351763924825089e+307,
       -8.3870236047650164e+307, -8.9510057312371784e+307,
       -1.0041510041107099e+308, -1.1169474294051421e+308,
       -4.1841468172213569e+307, -1.1709188888564430e+307,
       -8.1050282543124398e+307, -8.6690146680010979e+307,
       -9.4775279146349383e+307, -1.0605492167579260e+308,
       -1.1733456420523582e+308, -3.7611602221701394e+307,
       -7.8230371895003530e+307, -8.3870236047650164e+307,
       -8.9510057312371784e+307, -1.0041510041107099e+308,
       -1.1169474294051421e+308, -8.6679131576125035e+307,
       -1.1709188888564430e+307, -8.1050282554945071e+307,
       -8.6690146680010979e+307, -9.4775279146349383e+307,
       -1.0605492167579260e+308, -1.1733456420523582e+308,
       -3.7611602225643328e+307, -7.8230371895003530e+307,
       -8.3870236047650164e+307, -8.9510057312371784e+307,
       -1.0041510041107099e+308, -1.1169474294051421e+308,
       -1.2297447119064601e+308, -1.1709188888564430e+307,
       -8.1050282554945071e+307, -8.6690146680010979e+307,
       -9.4775279146349383e+307, -1.0605492167579260e+308,
       -1.1733456420523582e+308, -3.7611602226955174e+307,
       -7.8230371895003530e+307, -8.3870236047650164e+307,
       -8.9510057312371784e+307, -1.0041510041107099e+308,
       -1.1169474294051421e+308, -1.2297447119064601e+308,
       -1.1709188888564430e+307, -8.1050282554945071e+307,
       -8.6690146680010979e+307, -9.4775279146349383e+307,
       -1.0605492167579260e+308, -1.1733456420523582e+308,
       -3.7611602226955174e+307, -7.8230371895003530e+307,
       -8.3870236047650164e+307, -8.9510057312371784e+307,
       -1.0041510041107099e+308, -1.1169474294051421e+308,
       -1.2297447119064601e+308, -1.1709188888564430e+307,
       -8.1050282554945071e+307, -8.6690146680010979e+307,
       -9.4775279146349383e+307, -1.0605492167579260e+308,
       -1.1733456420523582e+308, -3.7611602226955174e+307,
       -7.8230371895003530e+307, -8.3870236047650164e+307,
       -8.9510057312371784e+307, -1.0041510041107099e+308,
       -1.1169474294051421e+308, -1.2297447119064601e+308,
       -1.1709188888564430e+307, -8.1050282554945071e+307,
       -8.6690146680010979e+307, -9.4775279146349383e+307,
       -1.0605492167579260e+308, -1.1733456420523582e+308,
       -3.7611602226955174e+307, -7.8230371895003530e+307,
       -8.3870236047650164e+307, -8.9510057312371784e+307,
       -1.0041510041107099e+308, -1.1169474294051421e+308,
       -1.2297447119064601e+308, -1.1709188888564430e+307,
       -8.1050282554945071e+307, -8.6690146680010979e+307,
       -9.4775279146349383e+307, -1.0605492167579260e+308,
       -1.1733456420523582e+308, -3.7611602226955174e+307,
       -7.8230371895003530e+307, -8.3870236047650164e+307,
       -8.9510057312371784e+307, -1.0041510041107099e+308,
       -1.1169474294051421e+308, -1.2297447119064601e+308,
       -1.1709188888564430e+307, -8.1050282554945071e+307,
       -8.6690146680010979e+307, -9.4775279146349383e+307,
       -1.0605492167579260e+308, -1.1733456420523582e+308,
       -3.7611602226955174e+307, -7.8230371895003530e+307,
       -8.3870236047650164e+307, -8.9510057312371784e+307,
       -1.0041510041107099e+308, -1.1169474294051421e+308,
       -1.2297447119064601e+308, -1.1709188888564430e+307,
       -8.1050282554945071e+307, -8.6690146680010979e+307,
       -9.4775279146349383e+307, -1.0605492167579260e+308,
       -1.1733456420523582e+308, -3.7611602226955174e+307,
       -7.8230371895003530e+307, -8.3870236047650164e+307,
       -8.9510057312371784e+307, -1.0041510041107099e+308,
       -1.1169474294051421e+308, -1.2297447119064601e+308,
       -1.1709188888564430e+307, -8.1050282554945071e+307,
       -8.6690146680010979e+307, -9.4775279146349383e+307,
       -1.0605492167579260e+308, -1.1733456420523582e+308,
       -3.7611602226955174e+307, -7.8230371895003530e+307,
       -8.3870236047650164e+307, -8.9510057312371784e+307,
       -1.0041510041107099e+308, -1.1169474294051421e+308,
       -1.2297447119064601e+308, -1.1709188888564430e+307,
       -8.1050282554945071e+307, -8.6690146680010979e+307,
       -9.4775279146349383e+307, -1.0605492167579260e+308,
       -1.1733456420523582e+308, -3.7611602226955174e+307,
       -7.8230371895003530e+307, -8.3870236047650164e+307,
       -8.9510057312371784e+307, -1.0041510041107099e+308,
       -1.1169474294051421e+308, -1.2297447119064601e+308,
       -1.1709188888564430e+307, -8.1050282554945071e+307,
       -8.6690146680010979e+307, -9.4775279146349383e+307,
       -1.0605492167579260e+308, -1.1733456420523582e+308,
       -3.7611602226955174e+307, -7.8230371895003530e+307,
       -8.3870236047650164e+307, -8.9510057312371784e+307,
       -1.0041510041107099e+308, -1.1169474294051421e+308,
       -1.2297447119064601e+308, -1.1709188888564430e+307,
       -8.1050282554945071e+307, -8.6690146680010979e+307,
       -9.4775279146349383e+307, -1.0605492167579260e+308,
       -1.1733456420523582e+308, -3.7611602226955174e+307,
       -7.8230371895003530e+307, -8.3870236047650164e+307,
       -8.9510057312371784e+307, -1.0041510041107099e+308,
       -1.1169474294051421e+308, -1.2297447119064601e+308,
       -1.1709188888564430e+307, -8.1050282554945071e+307,
       -8.6690146680010979e+307, -9.4775279146349383e+307,
       -1.0605492167579260e+308, -1.1733456420523582e+308,
       -3.7611602226955174e+307, -7.8230371895003530e+307,
       -8.3870236047650164e+307, -8.9510057312371784e+307,
       -1.0041510041107099e+308, -1.1169474294051421e+308,
       -1.2297447119064601e+308, -1.1709188888564430e+307,
       -8.1050282554945071e+307, -8.6690146680010979e+307,
       -9.4775279146349383e+307, -1.0605492167579260e+308,
       -1.1733456420523582e+308, -3.7611602226955174e+307,
       -7.8230371895003530e+307, -8.3870236047650164e+307,
       -8.9510057312371784e+307, -1.0041510041107099e+308,
       -1.1169474294051421e+308, -1.2297447119064601e+308,
       -1.1709188888564430e+307, -8.1050282554945071e+307,
       -8.6690146680010979e+307, -9.4775279146349383e+307,
       -1.0605492167579260e+308, -1.1733456420523582e+308,
       -3.7611602226955174e+307, -7.8230371895003530e+307,
       -8.3870236047650164e+307, -8.9510057312371784e+307,
       -1.0041510041107099e+308, -1.1169474294051421e+308,
