%YAML:1.0
rangeMap: !!opencv-matrix
   rows: 21
   cols: 21
   dt: d
   data: [ 7.2168350512528991e-03, 7.0963765999880234e-03,
       7.0693680664754973e-03, 7.1459495612037714e-03,
       7.2894938383542378e-03, 7.0596716135696803e-03,
       6.8158168281963107e-03, 6.9148261717877288e-03,
       6.8239345857376973e-03, 4.0199705386264623e-03,
       4.9010288124840245e-03, 5.1741780496026256e-03,
       5.5053483635002752e-03, 5.7145168484057270e-03,
       5.7107642882907083e-03, 5.7590021263431469e-03,
       4.9997822426358050e-03, 4.8729720763072597e-03,
       4.9236331529992480e-03, 5.0606841763769774e-03,
       5.1019092035750500e-03, 7.4379249380372957e-03,
       7.4087666970851533e-03, 7.5108597866049634e-03,
       7.4573026533700064e-03, 7.1659965673783778e-03,
       7.0050438872195911e-03, 6.7904953756883464e-03,
       6.6824714047444998e-03, 5.4103967407276845e-03,
       3.5865925625838818e-03, 4.2532557854563406e-03,
       5.3441527057853733e-03, 4.5816851622988162e-03,
       5.5445402235645320e-03, 6.5977998717844490e-03,
       6.2191368704958179e-03, 5.6588840181258449e-03,
       5.0774273323615773e-03, 4.9309963337661761e-03,
       4.9308089145487458e-03, 4.9782549708001517e-03,
       7.9576457864811729e-03, 7.8654991263891975e-03,
       7.5602809543401659e-03, 7.6567624894000172e-03,
       6.8208898115735498e-03, 6.6470935253942721e-03,
       6.0040162236343298e-03, 5.6445734218955020e-03,
       3.4054147013794860e-03, 2.3724902241274285e-03,
       4.1805895870813603e-03, 5.1310402466244014e-03,
       5.3466875176439201e-03, 5.5133206306602510e-03,
       6.2748567606855541e-03, 6.0573953730457932e-03,
       5.9226958599432142e-03, 5.4888640053688490e-03,
       5.1179065204216808e-03, 4.9835976695380667e-03,
       4.8462705126576132e-03, 7.2836914671951004e-03,
       7.1313986346242765e-03, 7.3443110071377549e-03,
       7.4841623840669067e-03, 7.2348318705249019e-03,
       5.5219092962596602e-03, 4.8656302271275634e-03,
       5.6519207231926520e-03, 4.0879299355327360e-03,
       2.1714476891707452e-03, 3.6645414902865508e-03,
       5.1265637435421660e-03, 4.9109570919412459e-03,
       5.0092477989362857e-03, 5.6548454205161093e-03,
       5.7364574410870110e-03, 5.4853167060292703e-03,
       5.5298502001028737e-03, 5.4448502605164957e-03,
       4.8153404489987119e-03, 4.6343788628602552e-03,
       6.8082323711973411e-03, 7.2469574375447297e-03,
       7.3964088113464607e-03, 7.2229426180527778e-03,
       7.0073177582903479e-03, 5.4355122821806720e-03,
       5.1244171816917138e-03, 5.1806973463860463e-03,
       3.7492473101267969e-03, 1.5137922272775370e-03,
       3.1383644620018364e-03, 5.0673983918361918e-03,
       4.6144258221189650e-03, 5.4879633136428671e-03,
       5.7649110806027477e-03, 5.6995395735590640e-03,
       4.9146794374433922e-03, 4.6415456687618805e-03,
       4.8705028843029560e-03, 5.1230799761938306e-03,
       5.0726278635915747e-03, 7.4720268984955528e-03,
       7.4191064267236373e-03, 7.3960298234486957e-03,
       7.2879064555865314e-03, 6.5078615757854707e-03,
       6.2051234333252792e-03, 5.9465540423190178e-03,
       4.1934086918704889e-03, 1.5356557283012558e-03,
       2.4281380667655832e-04, 2.4543474875085678e-03,
       3.1401714197900159e-03, 3.5223267641166260e-03,
       6.1093647396429683e-03, 5.9348016850833199e-03,
       5.6985408304095261e-03, 4.8986325521368466e-03,
       4.5930932595159646e-03, 4.7188036348844936e-03,
       4.8965327725532162e-03, 4.7486505640201666e-03,
       7.3084839839453290e-03, 7.2131105082639622e-03,
       7.1864077989942524e-03, 7.0457765555576668e-03,
       6.1741061665358983e-03, 5.8012118203760229e-03,
       6.3213281558638377e-03, 4.1954818021935044e-03,
       3.6258642278402586e-04, 1.1174901811179688e-04,
       -1.3133688080924218e-04, -1.3261850046555242e-04,
       3.8254401922744076e-03, 6.4432086014506755e-03,
       5.4003019113897984e-03, 5.1977122526493556e-03,
       4.9742281649396191e-03, 5.1101159981759847e-03,
       4.8550586000262377e-03, 4.2190596898520919e-03,
       4.2351419519484138e-03, 6.8776423291160346e-03,
       6.7682227617636790e-03, 6.9183938032996951e-03,
       6.9097781281416849e-03, 6.4389897985722751e-03,
       6.0029400664598090e-03, 4.9454757104083411e-03,
       4.3956093997230689e-03, 9.6438422092378132e-04,
       -1.4264251254527021e-03, -2.2784913628687490e-03,
       -1.4002287030285635e-04, 3.8449661652052696e-03,
       5.5179519456069305e-03, 5.0079254329709923e-03,
       4.8732772363519906e-03, 4.7039444750586329e-03,
       4.9158108451438868e-03, 4.8357768747689760e-03,
       4.3779336622525892e-03, 4.2759537727218959e-03,
       6.6718433624036212e-03, 6.6258154740987032e-03,
       7.0830714965166731e-03, 7.4393914826589615e-03,
       6.6955918793158049e-03, 6.3755934812050026e-03,
       5.6937230868749035e-03, 4.7992512369582681e-03,
       2.2348047241213822e-03, -6.6481246486566059e-04,
       -3.3614567593556149e-03, -1.1488725883550708e-03,
       3.4204825483808250e-03, 4.8294886286180307e-03,
       4.2027483002670882e-03, 4.4742133747523952e-03,
       4.4746401912544994e-03, 4.5883685736793547e-03,
       4.7263780305672413e-03, 4.7377461445451442e-03,
       5.0052237789904577e-03, 6.8708086161197880e-03,
       7.3511633024779090e-03, 7.1742028191400320e-03,
       6.5848719393198814e-03, 6.1906712902218483e-03,
       6.0145732659986403e-03, 5.9193403605413072e-03,
       5.5821009322478583e-03, 4.1189724623834868e-03,
       -3.2795461304860893e-04, -3.6827849238644413e-03,
       -4.4725444711157851e-04, 5.0252345517264587e-03,
       6.0489778732457089e-03, 4.4891769503441958e-03,
       4.6769295960073457e-03, 4.6515206475622418e-03,
       4.3782570813800303e-03, 4.2079759303237148e-03,
       4.9621823145113483e-03, 4.9658959736343300e-03,
       7.2656466976454507e-03, 7.6611593606971421e-03,
       7.1996040387790547e-03, 6.3213103087608547e-03,
       6.2030056483584504e-03, 6.0604380728725678e-03,
       6.0697279240132917e-03, 6.0851380491395539e-03,
       5.0784577016206459e-03, 2.1710247294244949e-03,
       -1.3457333083546790e-03, -3.8069893268240077e-04,
       3.4571410649469549e-03, 5.1771459217202888e-03,
       4.6217578379615532e-03, 4.6287013728400815e-03,
       4.5217710847536789e-03, 4.6771203299012703e-03,
       4.4507317093493218e-03, 4.8802193915212242e-03,
       4.3574719224424479e-03, 7.1693305655517814e-03,
       6.9417521077164155e-03, 6.6070630297452079e-03,
       6.4571115127494130e-03, 6.2283231878227999e-03,
       6.0418978543759745e-03, 6.0409115367587533e-03,
       5.8890786883734171e-03, 4.6799940394706627e-03,
       2.9055772486368914e-03, 1.3145455639165598e-04,
       1.0308438634690309e-03, 3.6659516527502924e-03,
       4.4943842973677360e-03, 4.4841559874078786e-03,
       4.8315324269846615e-03, 4.8359143433262088e-03,
       5.2547391793425014e-03, 4.7463891427361373e-03,
       4.4696241473900370e-03, 4.1590366388154229e-03,
       6.9363033584158140e-03, 6.2803934843596631e-03,
       6.3188695816119890e-03, 6.5087284866770382e-03,
       6.3210825201877709e-03, 6.1254635907989456e-03,
       6.1996376624401531e-03, 5.9246572419109807e-03,
       4.8337874784949615e-03, 2.9228893814079015e-03,
       9.6653909703694151e-04, 1.3321295305262985e-03,
       4.2062118360842362e-03, 4.5963923260707480e-03,
       4.5034170858169456e-03, 4.9894385915999458e-03,
       4.9938989283032954e-03, 4.9363614279933615e-03,
       4.4644710191503742e-03, 4.2460171497868508e-03,
       4.0216679273659597e-03, 6.9210234505491389e-03,
       6.1815833049029163e-03, 6.0705836046813458e-03,
       6.1531232794821474e-03, 6.2656639549856542e-03,
       6.1464581101377692e-03, 6.1575933701688845e-03,
       5.3712017003071091e-03, 4.2116681501510036e-03,
       3.0923169693982018e-03, 1.4472062819567246e-03,
       2.8383178002066218e-03, 4.3608512150858465e-03,
