%YAML:1.0
grasps:
   size: 2
   graspPoses:
      - { px:0., py:0., pz:0., qw:8.2850956916809082e-01, qx:0., qy:0.,
          qz:5.5997467041015625e-01 }
      - { px:1.4618054512412493e-03, py:-1.4576869843851228e-01, pz:0.,
          qw:-9.8561584949493408e-01, qx:0., qy:0.,
          qz:1.6900074481964111e-01 }
placeUnderPoints:
   size: 0
   pupPoses:
      []
placeOverPoints:
   size: 0
   popPoses:
      []
