%YAML:1.0
rangeMap: !!opencv-matrix
   rows: 21
   cols: 21
   dt: d
   data: [ 6.7480019247819186e-03, 6.4186348430369054e-03,
       6.1133636390604132e-03, 6.2131078100635985e-03,
       6.3988533082640657e-03, 5.5856562163859478e-03,
       3.2568947392198292e-03, 4.1207740270476096e-03,
       3.3042607091444071e-03, 2.5582820272303740e-03,
       2.7143312386852898e-03, 2.4682891018703236e-03,
       2.3650741616151058e-03, 2.7099208324672750e-03,
       3.2844297800204399e-03, 3.2593851518914908e-03,
       2.3855842808263527e-03, 2.6996254841573845e-03,
       2.5504182804700630e-03, 1.7570583284384250e-03,
       2.2985404834812840e-03, 6.1540825587703685e-03,
       6.7003348689919128e-03, 6.8123024542087593e-03,
       6.5281671030563496e-03, 7.0771518373321960e-03,
       6.2447122031285118e-03, 4.9101913654471469e-03,
       4.1204943282040427e-03, 3.6381434117298806e-03,
       3.0381371700098562e-03, 2.9683057597853415e-03,
       2.8024250937958455e-03, 1.8578822136380104e-03,
       2.4544695489127997e-03, 2.8046084957469440e-03,
       2.8821903547970075e-03, 2.2396589203320326e-03,
       2.4276238023174398e-03, 2.3954355997671782e-03,
       2.6787537046960293e-03, 2.6397509363826244e-03,
       6.8377720347061396e-03, 6.5773106559875623e-03,
       6.5200845084610352e-03, 5.5467701287184347e-03,
       6.2781200756162068e-03, 6.2552010232104693e-03,
       4.8764382159815619e-03, 3.3271479134392616e-03,
       3.2283973979721743e-03, 3.3206949036118220e-03,
       2.5969263564849438e-03, 2.3277532869349382e-03,
       2.6704117349532629e-03, 3.4035533041794092e-03,
       3.5136985348886867e-03, 3.0299792656829738e-03,
       2.6438715817917770e-03, 2.3776711387332216e-03,
       2.3653906793849751e-03, 2.1625797589390041e-03,
       2.3887704397233837e-03, 7.0786678766596393e-03,
       6.6706458181513759e-03, 6.8784010722112206e-03,
       6.8554205571211765e-03, 6.5594441667960642e-03,
       6.4708130432913555e-03, 5.5163464979138908e-03,
       4.6590923585581841e-03, 4.1010069852221434e-03,
       2.9952820791483998e-03, 2.4131937739412888e-03,
       3.6634393368984359e-03, 3.3251335843941126e-03,
       3.2307890896900787e-03, 2.9876027485945269e-03,
       2.6554313436375917e-03, 3.0986721452503801e-03,
       3.3339689250510359e-03, 3.4708234076760132e-03,
       2.8512467195865908e-03, 2.8076936753763842e-03,
       6.7487482623590474e-03, 6.3787809288175859e-03,
       7.3389836908573898e-03, 7.3416620224250155e-03,
       7.4074889236632815e-03, 6.2827190849395484e-03,
       5.5226317422667802e-03, 5.3030338380156685e-03,
       4.2800406801804369e-03, 3.3390380694571652e-03,
       3.0232251936003762e-03, 3.8831005162655290e-03,
       3.8126401341205050e-03, 2.7265715138065760e-03,
       2.9242778223730224e-03, 2.7425833450782505e-03,
       3.0439909473998867e-03, 3.5826699617849639e-03,
       3.3514750362628946e-03, 2.8063887150055777e-03,
       2.8242674297175273e-03, 7.5313756624820691e-03,
       7.5755189362884867e-03, 7.2656908807704149e-03,
       7.4911095425629235e-03, 7.5901653221663139e-03,
       6.9638867742081202e-03, 5.6482853895296536e-03,
       5.4419170168186967e-03, 4.9923839839881553e-03,
       2.9905762378901364e-03, 3.0715728430873294e-03,
       4.1118608888572996e-03, 3.8207841520737857e-03,
       3.0917643692172665e-03, 2.7964052948513561e-03,
       3.5567981786636467e-03, 3.4493277639306413e-03,
       3.1633631022388448e-03, 2.2353996819398647e-03,
       2.1701894190251144e-03, 3.0019112967133964e-03,
       8.3180464506075729e-03, 7.9133069150390586e-03,
       7.3630953393960608e-03, 7.4525915730636223e-03,
       8.2310590314328032e-03, 7.8315118546762701e-03,
       6.2316485705115228e-03, 4.7794987134847340e-03,
       4.6991753418145930e-03, 1.4307462645806489e-03,
       1.3069944860464181e-03, 4.9243806890617069e-03,
       4.0644013784165520e-03, 2.9404833734577862e-03,
       3.1307704725835922e-03, 3.5944924709475396e-03,
       3.4431551476772444e-03, 3.2453308238745687e-03,
       2.4121705202262340e-03, 2.5720862617179853e-03,
       3.0875906141204796e-03, 7.5828253496668316e-03,
       7.7804667469521839e-03, 7.8387704954690982e-03,
       7.8871215592802510e-03, 7.8913795693048624e-03,
       7.6573429467592024e-03, 6.6822136061808349e-03,
       4.4549444386539454e-03, 3.5532805983611933e-03,
       8.2318867778648902e-04, 9.4984667989938458e-04,
       5.4712606837395263e-03, 4.3794526838149203e-03,
       2.3067428066132628e-03, 3.2345720547916710e-03,
       4.9962961765879785e-03, 4.3224950354524847e-03,
       3.5437806787255934e-03, 2.5379643006079068e-03,
       3.2671156985955106e-03, 3.1280077435066238e-03,
       7.5712694872849332e-03, 7.6569509570538043e-03,
       7.7663606523510152e-03, 8.0945309293734505e-03,
       7.8593780757218006e-03, 7.4949722449165722e-03,
       6.4718663118033416e-03, 5.0887307944729974e-03,
       4.0347239204156279e-03, 1.5147673107214520e-03,
       1.2656108023296664e-03, 3.9937763968335531e-03,
       2.6367049915201057e-03, 1.3452443437664029e-03,
       6.5358866073731816e-03, 7.2825907627091565e-03,
       4.8962005284567400e-03, 4.2114020629169194e-03,
       3.3255981227684030e-03, 3.5395934912115829e-03,
       3.4591197924057435e-03, 7.5256058544597593e-03,
       7.6596542783478206e-03, 7.7777838095274233e-03,
       7.9163980488252440e-03, 7.7239494979011118e-03,
       7.0011268127752472e-03, 6.2910780113903950e-03,
       5.9041177868630413e-03, 6.3253996729353314e-03,
       2.5464708769206918e-03, 3.3005149052970340e-03,
       4.2193431181941805e-03, 9.3564568545323880e-04,
       1.6899713494019314e-03, 1.1671942276362883e-02,
       3.9357967345901362e-03, 2.8678798919213461e-03,
       3.7830165495735622e-03, 3.3972263908312473e-03,
       3.5348319628952713e-03, 3.7378324909281817e-03,
       7.9211024374841003e-03, 8.0527818571144456e-03,
       7.9678072520282892e-03, 7.9567334032080925e-03,
       8.0044295991907374e-03, 7.3289256194519281e-03,
       6.5169161210178262e-03, 5.3622253020765218e-03,
       3.1822715873446260e-03, -1.5554705887244036e-03,
       -7.0134669557577844e-04, 1.7646143987699000e-03,
       1.1400051154582783e-03, 5.7865320105518489e-03,
       1.7882410567559282e-03, 1.7353697547287331e-04,
       3.4236188385216798e-03, 3.5271573520612039e-03,
       3.4047662711553816e-03, 3.3537708734729700e-03,
       3.5138228518009880e-03, 7.5574010217981250e-03,
       7.9525893385070170e-03, 7.9762641228407101e-03,
       8.0114784800835309e-03, 7.7492080282719807e-03,
       7.0662368802449117e-03, 6.7740645181987458e-03,
       4.2796884066760932e-03, -4.9414151283282918e-03,
       -1.1933658435237695e-02, -1.2059015532144906e-02,
       -4.3113146042747814e-03, 6.9098520905044860e-03,
       7.7651079180676708e-03, -2.3983124333617303e-03,
       4.5251935805849097e-04, 3.6036869452820640e-03,
       3.5307297893456837e-03, 3.2909946443477928e-03,
       3.1099647116694887e-03, 3.4420676988190547e-03,
       7.7443864040848253e-03, 7.8015761681686953e-03,
       7.8822973022780775e-03, 7.9256212912876683e-03,
       7.6490996929641820e-03, 7.2382839228388764e-03,
       6.7335124447133691e-03, 1.8731117318695838e-03,
       -9.0712113516873277e-03, -2.1670285298717885e-02,
       -2.7884686096505216e-02, -1.8828285063540534e-02,
       1.7236772123242488e-05, 2.6967100387379800e-03,
       1.7649520572589835e-03, 2.2780390257562799e-03,
       4.1318046010340673e-03, 3.9159531193792493e-03,
       3.3111310155886377e-03, 3.1449276143632131e-03,
       3.3986317306568771e-03, 7.8025363199971587e-03,
       7.9364578020493567e-03, 7.9386519733320986e-03,
       7.6200995178282438e-03, 7.5472320619475782e-03,
       7.3079725663868726e-03, 6.4783916907909331e-03,
       1.3554346558816205e-03, -9.4621498617125585e-03,
       -2.3606576720147383e-02, -3.1888346313802163e-02,
       -2.8654886758794157e-02, -1.2352503815535966e-02,
