%YAML:1.0
rangeMap: !!opencv-matrix
   rows: 21
   cols: 21
   dt: d
   data: [ -1.1400673969550565e-02, -1.1175457914106655e-02,
       -1.3280335849037822e-02, -1.4330081778260860e-02,
       -1.3579719072482852e-02, -1.4060973751887567e-02,
       -1.4430173480718556e-02, -1.4550034450066040e-02,
       -1.4993211144462977e-02, -1.5041249828082352e-02,
       -1.4287522596437643e-02, -1.4069912016431024e-02,
       -1.3928038068757269e-02, -1.3936200791945271e-02,
       -1.4163813165215186e-02, -1.5263438094716135e-02,
       -1.4847749157755401e-02, -1.5795825367614671e-02,
       -1.6330700225027125e-02, -1.6790689106110864e-02,
       -1.7150207339110057e-02, -1.2269528571274793e-02,
       -1.1525382377664340e-02, -1.2509003097102067e-02,
       -1.3701404521129472e-02, -1.3181833099415514e-02,
       -1.3453997847230083e-02, -1.3984668696457356e-02,
       -1.4672598863320379e-02, -1.5372988858816472e-02,
       -1.6174559417063937e-02, -1.5845524542661096e-02,
       -1.5015813032600533e-02, -1.4860470693438441e-02,
       -1.4820128723639147e-02, -1.5125082630242113e-02,
       -1.5829328024556538e-02, -1.6036955259353135e-02,
       -1.6463091983715390e-02, -1.6849904909146205e-02,
       -1.7539804207255844e-02, -1.7448405990488899e-02,
       -1.2436567330266934e-02, -1.0578145779469155e-02,
       -1.1342026230120117e-02, -1.3305213278073777e-02,
       -1.2301876047711853e-02, -1.2546346684266175e-02,
       -1.3286565070309795e-02, -1.3958870858893918e-02,
       -1.4472177371185771e-02, -1.5892582850994940e-02,
       -1.6386213596006595e-02, -1.5838359498916984e-02,
       -1.5587908185763113e-02, -1.5654112989621202e-02,
       -1.5797886936515640e-02, -1.6154991699183319e-02,
       -1.6635623152666472e-02, -1.6805244601591555e-02,
       -1.6833802561542398e-02, -1.7510289086033973e-02,
       -1.7387172514805364e-02, -1.1574006536245029e-02,
       -1.0398101484439141e-02, -1.0241450898042324e-02,
       -1.1633476680129142e-02, -1.2062542485050468e-02,
       -1.2740806778497734e-02, -1.4602726648388117e-02,
       -1.5585420367710701e-02, -1.5109314462933527e-02,
       -1.5710304044646798e-02, -1.6730549775528031e-02,
       -1.6293680399002756e-02, -1.5910153937030228e-02,
       -1.5891569971292822e-02, -1.5911965272519032e-02,
       -1.6354402450398590e-02, -1.6956519654012368e-02,
       -1.6661473980834902e-02, -1.6875749963323264e-02,
       -1.7303639606880746e-02, -1.7299312725156689e-02,
       -1.0155429424622935e-02, -9.8161477434666796e-03,
       -9.8538976463658293e-03, -1.0650124249931971e-02,
       -1.1846815594980315e-02, -1.5056693139909250e-02,
       -2.0685820316504920e-02, -2.1110808424435353e-02,
       -1.7542466940868591e-02, -1.6183832366550088e-02,
       -1.6444339821467469e-02, -1.6334200853821468e-02,
       -1.6041837815955896e-02, -1.5934225676726584e-02,
       -1.5911570352156481e-02, -1.6502620587611073e-02,
       -1.7042074720886469e-02, -1.7050244605241845e-02,
       -1.6868354355834957e-02, -1.7585535374762110e-02,
       -1.7402071785887038e-02, -1.0202163287174659e-02,
       -1.0304025410971005e-02, -1.0538958381816630e-02,
       -1.2221094821104322e-02, -1.5677670847745271e-02,
       -2.2138271951740559e-02, -2.5875318451684150e-02,
       -2.9027876668037821e-02, -2.7381418986597194e-02,
       -2.0397033617420096e-02, -1.7163348786018939e-02,
       -1.6572834194160654e-02, -1.6446441200461424e-02,
       -1.6157008811453256e-02, -1.6202786706304862e-02,
       -1.6762333972758517e-02, -1.6956997093476752e-02,
       -1.7105394954740397e-02, -1.6935658894150357e-02,
       -1.7597849013024570e-02, -1.7576715732025308e-02,
       -9.4358784223712959e-03, -1.0502530593877617e-02,
       -9.9983237777912341e-03, -1.3172179838815645e-02,
       -1.8511625822785250e-02, -2.4955732487486629e-02,
       -2.9412523308089106e-02, -3.2778863456556978e-02,
       -3.1071350028900744e-02, -2.4264089317950724e-02,
       -1.9198506388804614e-02, -1.6980838765060343e-02,
       -1.6889164602382489e-02, -1.6780640386225110e-02,
       -1.6631954009164996e-02, -1.6985616573906213e-02,
       -1.7305412088672534e-02, -1.7208108771205880e-02,
       -1.7331234294950364e-02, -1.7746592775332394e-02,
       -1.7643712126966915e-02, -1.1544453915947377e-02,
       -1.1474655770786199e-02, -1.1783262503351781e-02,
       -1.4254611949827302e-02, -1.8542736341515854e-02,
       -2.5991762378383694e-02, -3.1115094266750947e-02,
       -3.4876580127729338e-02, -3.1852275191656586e-02,
       -2.4785152853470223e-02, -2.0739883208116552e-02,
       -1.9804337906653560e-02, -1.9325420933380466e-02,
       -1.8975333315730120e-02, -1.7832764168139014e-02,
       -1.7368069558632081e-02, -1.7522543260715603e-02,
       -1.7289081779622184e-02, -1.7515259388966153e-02,
       -1.7843278188866388e-02, -1.7951332456888586e-02,
       -1.2724898029063545e-02, -1.2823539383314328e-02,
       -1.3371542405126531e-02, -1.3912884481119308e-02,
       -1.8875879432349297e-02, -2.7296780360869993e-02,
       -3.3503402394840391e-02, -3.6858161766540436e-02,
       -3.2570471163470373e-02, -2.4034561734393677e-02,
       -2.0036118664518730e-02, -1.9345708763979903e-02,
       -1.7633229146769666e-02, -1.7267818874885942e-02,
       -1.7125782461484829e-02, -1.7514502367154697e-02,
       -1.7670733763555956e-02, -1.7057172427462599e-02,
       -1.7299364631229393e-02, -1.8053293714775123e-02,
       -1.8491998388660190e-02, -1.2435778160988680e-02,
       -1.2488943260009277e-02, -1.3357538949514332e-02,
       -1.4403478564707490e-02, -1.8042858337498257e-02,
       -2.8078189895631177e-02, -3.6526871431652133e-02,
       -3.6678300079420662e-02, -3.0124281279507715e-02,
       -2.3038445643021422e-02, -1.9134435851138647e-02,
       -1.8395943089774630e-02, -1.7180529679453108e-02,
       -1.7053176920360787e-02, -1.7023343390230428e-02,
       -1.7455083792462342e-02, -1.7505611881522217e-02,
       -1.7446268930294238e-02, -1.7281499549835828e-02,
       -1.7430218100945038e-02, -1.6795592572134820e-02,
       -1.2631052052114565e-02, -1.2654661599776493e-02,
       -1.3238115691167252e-02, -1.3785536225622778e-02,
       -1.6606752171718017e-02, -2.4139994771789738e-02,
       -3.1806504635896002e-02, -3.0986292903537292e-02,
       -2.3280517450734936e-02, -1.9298741387231130e-02,
       -1.8979733327552765e-02, -1.8715061748189380e-02,
       -1.7899847602497462e-02, -1.7270573625326066e-02,
       -1.7064547776490364e-02, -1.7426459049505138e-02,
       -1.7846710131018975e-02, -1.7678040267071603e-02,
       -1.7613904914322388e-02, -1.6888211454697495e-02,
       -1.5445027155823918e-02, -1.5742426156751640e-02,
       -1.5889201635513776e-02, -1.5795411164922831e-02,
       -1.4858062687135966e-02, -1.5543207656835896e-02,
       -2.0592426286847543e-02, -3.0278174818897923e-02,
       -2.8658086356646118e-02, -2.1057644782465613e-02,
       -1.8066505230355620e-02, -1.8180571198172749e-02,
       -1.7849520690003125e-02, -1.6727617099486419e-02,
       -1.6676107675849854e-02, -1.6587095966382165e-02,
       -1.7028202013838409e-02, -1.7743680342189403e-02,
       -1.7469923988949424e-02, -1.7279198935600225e-02,
       -1.6451009370286502e-02, -1.6333081717476040e-02,
       -1.4540175762667555e-02, -1.5063364698005717e-02,
       -1.6195982498119741e-02, -1.5723023191247666e-02,
       -1.6652728355999444e-02, -1.9549527900916588e-02,
       -2.8857194128715929e-02, -2.9484673834035004e-02,
       -2.1498333938621567e-02, -1.7138954951025558e-02,
       -1.6854051162990949e-02, -1.5867391993217149e-02,
       -1.5659238650510193e-02, -1.6251919435208009e-02,
       -1.6317530946636197e-02, -1.7020255355028231e-02,
       -1.7192912814146647e-02, -1.7171649884868433e-02,
       -1.7424078585877880e-02, -1.7601040867415416e-02,
       -1.8057430943861027e-02, -1.1897203081697475e-02,
       -1.3184590627132096e-02, -1.5559604890150347e-02,
       -1.5823839883866864e-02, -1.6968609076690410e-02,
