%YAML:1.0
savedTime:
   - 1.4864946269073248e+09
currentTableZ:
   - 1.9892797096180967e-01
