%YAML:1.0
savedTime:
   - 1.4636323280852387e+09
currentTableZ:
   - 2.2380976107511730e-01
cropUpperLeftCorner:
   - 320.
   - 200.
vanishingPointReticle:
   - 309.
   - 189.
heightReticles:
   - 318.
   - 321.
   - 325.
   - 340.
   - 178.
   - 173.
   - 163.
   - 139.
colorReticles:
   - 462
   - 450
   - 439
   - 428
   - 419
   - 410
   - 405
   - 399
   - 394
   - 389
   - 383
   - 381
   - 379
   - 378
   - 153
   - 153
   - 153
   - 153
   - 153
   - 154
   - 154
   - 154
   - 154
   - 154
   - 155
   - 155
   - 155
   - 155
lensCorrections:
   - 1.0950000000000004e+00
   - 1.0550000000000004e+00
   - 1.0550000000000004e+00
   - 1.0550000000000004e+00
   - 1.6150000000000009e+00
   - 1.5750000000000008e+00
   - 1.5750000000000008e+00
   - 1.5750000000000008e+00
gear0offset:
   - 2.3000000044703484e-02
   - 2.3000000044703484e-02
   - 1.6722800210118294e-02
   - 0.
cameraExposure: 80
cameraGain: 20
cameraWhiteBalanceRed: 1124
cameraWhiteBalanceGreen: 1024
cameraWhiteBalanceBlue: 2048
