%YAML:1.0
savedTime:
   - 1.4635806520382409e+09
currentTableZ:
   - 2.2279881449925656e-01
cropUpperLeftCorner:
   - 320.
   - 200.
vanishingPointReticle:
   - 309.
   - 189.
heightReticles:
   - 319.
   - 323.
   - 327.
   - 336.
   - 176.
   - 169.
   - 159.
   - 140.
colorReticles:
   - 462
   - 450
   - 439
   - 428
   - 419
   - 410
   - 405
   - 399
   - 394
   - 389
   - 383
   - 381
   - 379
   - 378
   - 153
   - 153
   - 153
   - 153
   - 153
   - 154
   - 154
   - 154
   - 154
   - 154
   - 155
   - 155
   - 155
   - 155
lensCorrections:
   - 3.7500000000000000e-01
   - 3.7500000000000000e-01
   - 3.7500000000000000e-01
   - 3.7500000000000000e-01
   - 6.9500000000000006e-01
   - 6.9500000000000006e-01
   - 6.9500000000000006e-01
   - 6.9500000000000006e-01
gear0offset:
   - 2.3000000044703484e-02
   - 2.3000000044703484e-02
   - 1.6722800210118294e-02
   - 0.
cameraExposure: 80
cameraGain: 20
cameraWhiteBalanceRed: 1124
cameraWhiteBalanceGreen: 1024
cameraWhiteBalanceBlue: 2048
