%YAML:1.0
savedTime:
   - 1.4568625867877219e+09
currentTableZ:
   - 2.3154750598009582e-01
cropUpperLeftCorner:
   - 320.
   - 200.
vanishingPointReticle:
   - 307.
   - 194.
heightReticles:
   - 317.
   - 320.
   - 325.
   - 331.
   - 168.
   - 163.
   - 153.
   - 127.
colorReticles:
   - 462
   - 450
   - 439
   - 428
   - 419
   - 410
   - 405
   - 399
   - 394
   - 389
   - 383
   - 381
   - 379
   - 378
   - 153
   - 153
   - 153
   - 153
   - 153
   - 154
   - 154
   - 154
   - 154
   - 154
   - 155
   - 155
   - 155
   - 155
lensCorrections:
   - 8.1000000000000072e-01
   - 6.4375247097778387e-01
   - 5.6552427885870693e-01
   - 5.2825508997188042e-01
   - 1.1133771760055722e+00
   - 1.3545819734370974e+00
   - 1.3989985387842674e+00
   - 1.5379009384131515e+00
gear0offset:
   - 3.2000001519918442e-02
   - 2.6000000536441803e-02
   - 1.6722800210118294e-02
   - 0.
cameraExposure: 80
cameraGain: 10
cameraWhiteBalanceRed: 1024
cameraWhiteBalanceGreen: 1024
cameraWhiteBalanceBlue: 2048
