%YAML:1.0
savedTime:
<<<<<<< HEAD
   - 1.4641844221941411e+09
currentTableZ:
   - 2.2459943609873367e-01
=======
   - 1.4642314815689638e+09
currentTableZ:
   - 2.2611356451745968e-01
>>>>>>> 45b10a5c86880d19c2a8aa63f0efb3dd9e98db3b
cropUpperLeftCorner:
   - 320.
   - 200.
vanishingPointReticle:
   - 309.
   - 189.
heightReticles:
   - 320.
   - 318.
<<<<<<< HEAD
   - 327.
   - 332.
   - 176.
   - 170.
   - 156.
   - 136.
=======
   - 319.
   - 326.
   - 338.
   - 174.
   - 170.
   - 155.
   - 137.
>>>>>>> 45b10a5c86880d19c2a8aa63f0efb3dd9e98db3b
colorReticles:
   - 462
   - 450
   - 439
   - 428
   - 419
   - 410
   - 405
   - 399
   - 394
   - 389
   - 383
   - 381
   - 379
   - 378
   - 153
   - 153
   - 153
   - 153
   - 153
   - 154
   - 154
   - 154
   - 154
   - 154
   - 155
   - 155
   - 155
   - 155
lensCorrections:
<<<<<<< HEAD
   - 3.7500000000000000e-01
   - 3.7500000000000000e-01
   - 3.7500000000000000e-01
   - 3.7500000000000000e-01
   - 3.7500000000000000e-01
   - 1.1350000000000005e+00
   - 1.1350000000000005e+00
   - 1.1350000000000005e+00
=======
   - 6.5500000000000003e-01
   - 6.5500000000000003e-01
   - 6.5500000000000003e-01
   - 6.5500000000000003e-01
   - 9.7500000000000031e-01
   - 9.3500000000000028e-01
   - 9.3500000000000028e-01
   - 9.3500000000000028e-01
>>>>>>> 45b10a5c86880d19c2a8aa63f0efb3dd9e98db3b
gear0offset:
   - 2.3000000044703484e-02
   - 2.3000000044703484e-02
   - 1.6722800210118294e-02
   - 0.
cameraExposure: 80
cameraGain: 25
cameraWhiteBalanceRed: 1124
cameraWhiteBalanceGreen: 1024
cameraWhiteBalanceBlue: 2048
