%YAML:1.0
savedTime:
   - 1.4641844166205263e+09
currentTableZ:
   - 2.2668241773817824e-01
cropUpperLeftCorner:
   - 320.
   - 200.
vanishingPointReticle:
   - 309.
   - 189.
heightReticles:
   - 325.
   - 328.
   - 332.
   - 336.
   - 209.
   - 204.
   - 192.
   - 171.
colorReticles:
   - 462
   - 450
   - 439
   - 428
   - 419
   - 410
   - 405
   - 399
   - 394
   - 389
   - 383
   - 381
   - 379
   - 378
   - 153
   - 153
   - 153
   - 153
   - 153
   - 154
   - 154
   - 154
   - 154
   - 154
   - 155
   - 155
   - 155
   - 155
lensCorrections:
   - 3.7500000000000000e-01
   - 3.7500000000000000e-01
   - 3.7500000000000000e-01
   - 3.7500000000000000e-01
   - 3.7500000000000000e-01
   - 3.7500000000000000e-01
   - 3.7500000000000000e-01
   - 3.7500000000000000e-01
gear0offset:
   - 2.3000000044703484e-02
   - 2.3000000044703484e-02
   - 1.6722800210118294e-02
   - 0.
cameraExposure: 80
cameraGain: 20
cameraWhiteBalanceRed: 1124
cameraWhiteBalanceGreen: 1024
cameraWhiteBalanceBlue: 2048
