%YAML:1.0
savedTime:
   - 1.4636091384183629e+09
currentTableZ:
   - 2.3055183236114046e-01
cropUpperLeftCorner:
   - 319.
   - 249.
vanishingPointReticle:
   - 320.
   - 200.
heightReticles:
   - 334.
   - 335.
   - 339.
   - 346.
   - 161.
   - 154.
   - 143.
   - 120.
colorReticles:
   - 462
   - 450
   - 439
   - 428
   - 419
   - 410
   - 405
   - 399
   - 394
   - 389
   - 383
   - 381
   - 379
   - 378
   - 153
   - 153
   - 153
   - 153
   - 153
   - 154
   - 154
   - 154
   - 154
   - 154
   - 155
   - 155
   - 155
   - 155
lensCorrections:
   - 1.7750000000000010e+00
   - 1.7350000000000010e+00
   - 1.3750000000000000e+00
   - 1.3750000000000000e+00
   - 2.0950000000000011e+00
   - 1.3750000000000000e+00
   - 1.3750000000000000e+00
   - 1.3750000000000000e+00
gear0offset:
   - 2.3000000044703484e-02
   - 2.3000000044703484e-02
   - 1.6722800210118294e-02
   - 0.
cameraExposure: 80
cameraGain: 25
cameraWhiteBalanceRed: 1124
cameraWhiteBalanceGreen: 1024
cameraWhiteBalanceBlue: 2048
