%YAML:1.0
savedTime:
<<<<<<< HEAD
   - 1.4641844166205263e+09
currentTableZ:
   - 2.2668241773817824e-01
cropUpperLeftCorner:
=======
   - 1.4642742054425395e+09
currentTableZ:
   - 2.4467870913459339e-01
cropUpperLeftCorner:
   - 324.
   - 211.
vanishingPointReticle:
>>>>>>> 45b10a5c86880d19c2a8aa63f0efb3dd9e98db3b
   - 320.
   - 200.
vanishingPointReticle:
   - 309.
   - 189.
heightReticles:
<<<<<<< HEAD
   - 325.
   - 328.
   - 332.
   - 336.
   - 209.
   - 204.
   - 192.
   - 171.
=======
   - 320.
   - 324.
   - 327.
   - 334.
   - 200.
   - 192.
   - 180.
   - 160.
>>>>>>> 45b10a5c86880d19c2a8aa63f0efb3dd9e98db3b
colorReticles:
   - 462
   - 450
   - 439
   - 428
   - 419
   - 410
   - 405
   - 399
   - 394
   - 389
   - 383
   - 381
   - 379
   - 378
   - 153
   - 153
   - 153
   - 153
   - 153
   - 154
   - 154
   - 154
   - 154
   - 154
   - 155
   - 155
   - 155
   - 155
lensCorrections:
<<<<<<< HEAD
   - 3.7500000000000000e-01
   - 3.7500000000000000e-01
   - 3.7500000000000000e-01
   - 3.7500000000000000e-01
   - 3.7500000000000000e-01
   - 3.7500000000000000e-01
   - 3.7500000000000000e-01
   - 3.7500000000000000e-01
=======
   - 5.7499999999999996e-01
   - 5.3499999999999992e-01
   - 5.3499999999999992e-01
   - 5.3499999999999992e-01
   - 8.5500000000000020e-01
   - 8.1500000000000017e-01
   - 8.1500000000000017e-01
   - 8.1500000000000017e-01
>>>>>>> 45b10a5c86880d19c2a8aa63f0efb3dd9e98db3b
gear0offset:
   - 2.3000000044703484e-02
   - 2.3000000044703484e-02
   - 1.6722800210118294e-02
   - 0.
cameraExposure: 80
cameraGain: 20
cameraWhiteBalanceRed: 1124
cameraWhiteBalanceGreen: 1024
cameraWhiteBalanceBlue: 2048
