%YAML:1.0
savedTime:
   - 1.4568529766116006e+09
currentTableZ:
   - 2.3492059459728146e-01
cropUpperLeftCorner:
   - 320.
   - 200.
vanishingPointReticle:
   - 309.
   - 231.
heightReticles:
   - 320.
   - 325.
   - 329.
   - 339.
   - 208.
   - 203.
   - 195.
   - 167.
colorReticles:
   - 462
   - 450
   - 439
   - 428
   - 419
   - 410
   - 405
   - 399
   - 394
   - 389
   - 383
   - 381
   - 379
   - 378
   - 153
   - 153
   - 153
   - 153
   - 153
   - 154
   - 154
   - 154
   - 154
   - 154
   - 155
   - 155
   - 155
   - 155
lensCorrections:
   - 7.3008749011190710e-01
   - 5.9169356152446806e-01
   - 5.1991394768367549e-01
   - 4.8891145739738917e-01
   - 1.1846097628482521e+00
   - 1.5653522051190603e+00
   - 1.7521441650924032e+00
   - 1.8100000000000003e+00
gear0offset:
   - 2.3000000044703484e-02
   - 2.3000000044703484e-02
   - 1.6722800210118294e-02
   - 0.
cameraExposure: 80
cameraGain: 7
cameraWhiteBalanceRed: 1024
cameraWhiteBalanceGreen: 1024
cameraWhiteBalanceBlue: 2048
