%YAML:1.0
savedTime:
   - 1.4636232305166335e+09
currentTableZ:
   - 2.2666621695308165e-01
cropUpperLeftCorner:
   - 319.
   - 249.
vanishingPointReticle:
   - 320.
   - 200.
heightReticles:
   - 325.
   - 327.
   - 332.
   - 332.
   - 158.
   - 152.
   - 145.
   - 125.
colorReticles:
   - 462
   - 450
   - 439
   - 428
   - 419
   - 410
   - 405
   - 399
   - 394
   - 389
   - 383
   - 381
   - 379
   - 378
   - 153
   - 153
   - 153
   - 153
   - 153
   - 154
   - 154
   - 154
   - 154
   - 154
   - 155
   - 155
   - 155
   - 155
lensCorrections:
   - 7.3500000000000010e-01
   - 7.3500000000000010e-01
   - 7.3500000000000010e-01
   - 7.3500000000000010e-01
   - 1.2950000000000006e+00
   - 1.2550000000000006e+00
   - 1.2550000000000006e+00
   - 1.2550000000000006e+00
gear0offset:
   - 2.3000000044703484e-02
   - 2.3000000044703484e-02
   - 1.6722800210118294e-02
   - 0.
cameraExposure: 80
cameraGain: 25
cameraWhiteBalanceRed: 1124
cameraWhiteBalanceGreen: 1024
cameraWhiteBalanceBlue: 2048
