%YAML:1.0
rangeMap: !!opencv-matrix
   rows: 21
   cols: 21
   dt: d
   data: [ 5.6704985911311409e-03, 5.9149435930217764e-03,
       6.5992357421438908e-03, 4.4762364180462389e-03,
       4.4574941400186514e-03, 5.0653092411729016e-03,
       3.6495991049237918e-03, 1.1377178683921450e-03,
       2.1618752946426564e-03, 4.0468283286719652e-03,
       4.6648152774052473e-03, 4.6777824466451810e-03,
       4.4760750068089028e-03, 4.6723404853540578e-03,
       4.5008029026482408e-03, 3.6657816045595911e-03,
       3.4711881034004397e-03, 3.4252496206881923e-03,
       3.0915138053037809e-03, 2.6380147409300215e-03,
       2.5525508910222454e-03, 5.2441897681785908e-03,
       5.8542030813637340e-03, 5.6996969018490631e-03,
       4.6674283779203560e-03, 4.7615607985592211e-03,
       5.7974211645966459e-03, 3.7625346079888959e-03,
       1.4271594067580336e-03, 1.6143434414169983e-03,
       4.0720675785798043e-03, 4.9349255754708200e-03,
       4.9432127453408262e-03, 4.8722599309396330e-03,
       4.7597029284512085e-03, 4.7595630765113871e-03,
       4.7951179775121170e-03, 4.2484962320783956e-03,
       3.3965370966395703e-03, 3.2117405622884149e-03,
       3.3855912086675054e-03, 3.1581431644136064e-03,
       5.7830259553793648e-03, 5.7545530416444205e-03,
       5.5274521803611058e-03, 5.7256916431803993e-03,
       5.9836493200199356e-03, 6.9961020274773586e-03,
       4.0830951002082255e-03, 1.4915552273630131e-03,
       2.2165169231050559e-03, 3.6330467367772989e-03,
       4.1600986872475957e-03, 4.4374235916133150e-03,
       4.3551723536377884e-03, 4.2891868345433324e-03,
       4.4744084191572940e-03, 4.4287066369474827e-03,
       4.2259372383750679e-03, 3.7539353890145843e-03,
       3.5095471019447161e-03, 3.6481574710974531e-03,
       3.5280691610489428e-03, 5.0774005520772495e-03,
       4.9646970081623420e-03, 5.5478934416118252e-03,
       5.6183184111520991e-03, 5.3122978988074457e-03,
       4.5544665154260630e-03, 1.1282320142709885e-03,
       3.2284784553789332e-03, 5.0684909550066885e-03,
       4.0264814271797440e-03, 3.5552019164938609e-03,
       4.0221759000410992e-03, 4.0624432542703823e-03,
       3.5595302962565319e-03, 3.5854092536208369e-03,
       4.5347598591495850e-03, 4.6485240892606746e-03,
       4.1339138071829753e-03, 3.6982485226334239e-03,
       3.0503339234779019e-03, 3.1012922812120466e-03,
       5.3805792717470571e-03, 4.9130257410361505e-03,
       5.4330181571307212e-03, 5.3199218726511979e-03,
       5.2175155870748061e-03, 3.7144763857788372e-03,
       9.3408937496513008e-05, 3.9381527292544098e-03,
       4.6809753403835872e-03, 2.9729473814251880e-03,
       3.3115888478831611e-03, 4.2933204952709334e-03,
       4.4532779484021349e-03, 3.9273042027577780e-03,
       3.4590601486873163e-03, 3.5199535688853491e-03,
       3.1747968439311482e-03, 3.4294771300854513e-03,
       3.6115823450240908e-03, 3.2895775646926899e-03,
       2.9057797303098905e-03, 4.9364648933460185e-03,
       5.5361051625397832e-03, 5.6701146214652252e-03,
       4.6930113709488241e-03, 4.9691665136776001e-03,
       3.1697868408675990e-03, 7.0500829541540115e-04,
       4.9158335150511637e-03, 3.3020193495238853e-03,
       2.3676009099643028e-03, 2.8095832552609331e-03,
       3.9292254853412886e-03, 4.2715978341722046e-03,
       3.9482851856341575e-03, 3.8889921332241496e-03,
       3.1405542949986287e-03, 2.8061813947201975e-03,
       2.7102860386087526e-03, 3.8940071487569266e-03,
       3.7834798011176481e-03, 2.2463018434195369e-03,
       4.8044294024535868e-03, 5.6614461984786837e-03,
       6.1869180489607569e-03, 5.6055377986699876e-03,
       5.2729572739504882e-03, 2.9351223637712979e-03,
       1.0635355331546710e-03, 6.2543224741628779e-03,
       4.8679618003296052e-03, 1.8548678785024657e-03,
       1.1776731248349978e-03, 3.2250161897844267e-03,
       3.8649804039518881e-03, 3.5961459127144689e-03,
       3.8590113142696388e-03, 3.4477145427840796e-03,
       3.9122311433686810e-03, 2.8157942905902393e-03,
       3.6985698358168112e-03, 3.7115025520436094e-03,
       2.5783695301942562e-03, 5.4500324861692694e-03,
       5.3436475216234944e-03, 5.3274195103512065e-03,
       5.2139170441354247e-03, 5.1250005912211113e-03,
       2.5832455036103809e-03, 1.6579189804556615e-03,
       3.7700479274345362e-03, 2.5004864208232874e-03,
       3.2479908954046789e-04, -4.1731998629025919e-04,
       1.5427537662809417e-03, 2.9922160927217702e-03,
       2.9681757791421249e-03, 3.2819429566167467e-03,
       4.3345951038208461e-03, 4.8853778200339251e-03,
       4.1409965074717106e-03, 3.3442744043020983e-03,
       3.2776666905049668e-03, 2.6505506992930430e-03,
       5.6451472474743584e-03, 5.2799337474823153e-03,
       4.8393928549513507e-03, 4.8426619208217095e-03,
       4.6932011154720305e-03, 2.7834171137917350e-03,
       8.2223698678775411e-04, 2.6217146814375637e-03,
       1.7535160666191476e-03, -7.4204092590379148e-04,
       -2.2666835051165391e-03, -4.2710540391268070e-04,
       2.7539351881120254e-03, 3.2453364367794530e-03,
       3.1494598038919654e-03, 4.8997276836293289e-03,
       4.6098585108489210e-03, 3.4198784256288606e-03,
       2.7592020707437621e-03, 2.3983757191934586e-03,
       2.2085806264681217e-03, 4.6565310732172589e-03,
       4.6582476082014032e-03, 4.5870785088228654e-03,
       4.5141336502809611e-03, 4.2923588149309660e-03,
       2.4109681497843575e-03, 1.1438502684762120e-03,
       4.2019293178261067e-03, 9.8908435423777506e-04,
       -3.8714594301032636e-03, -4.0439265100847329e-03,
       -3.7554755773900553e-03, 2.1805002233217883e-03,
       3.3819015309187045e-03, 3.2915033891232192e-03,
       4.7928953444051165e-03, 3.9978894881712050e-03,
       3.0534979890569870e-03, 2.3298600821171482e-03,
       2.0389154234541911e-03, 2.0030748591132299e-03,
       4.4992895919487930e-03, 4.3393216479929763e-03,
       4.4143048209912637e-03, 4.6421945550742839e-03,
       4.0092809735399262e-03, 2.9050099672161089e-03,
       6.4329028594015515e-03, 6.0249155238063920e-03,
       1.7638421562183710e-03, -7.1165576619907633e-03,
       -9.0600544710320308e-03, -4.1099553059333500e-03,
       1.9474888569155191e-03, 2.8596039821381248e-03,
       3.7484446509871970e-03, 3.6560305253518278e-03,
       3.0574423521235101e-03, 2.8507959519439375e-03,
       2.7218006703320940e-03, 2.0453246153174158e-03,
       1.9166181362025132e-03, 4.8435230277577039e-03,
       4.6833196396474132e-03, 4.8859610170167087e-03,
       4.9665127054438389e-03, 4.0356136964150181e-03,
       3.9507434897131924e-03, 6.3092330402031369e-03,
       3.4605133755142205e-03, -4.5212540716297906e-04,
       -4.5539319172916296e-03, -8.6573053325831335e-03,
       -3.2983240003016390e-03, 1.8447347072080400e-03,
       2.4734716697020825e-03, 3.2801906541227825e-03,
       2.7808430335144320e-03, 2.4359093100776029e-03,
       2.2181033933382725e-03, 2.2382796672723291e-03,
       2.1178646441587933e-03, 1.4753025232395439e-03,
       4.9171485272889700e-03, 4.9558398868242452e-03,
       4.8773529976630951e-03, 4.9071861856300998e-03,
       4.0415866539668674e-03, 4.0448479558730342e-03,
       4.2158116711489861e-03, 3.4068686668916543e-03,
       2.7617064956616689e-03, 3.3923163744288454e-03,
       -4.6839049436801896e-03, -3.1395108149528117e-03,
       2.1329784448033007e-03, 2.9745549181779602e-03,
       3.1329991237515932e-03, 2.7998199310924365e-03,
       2.2834756774678098e-03, 2.0382088149989088e-03,
       2.1057582494653816e-03, 2.1665032924059573e-03,
       1.6583097032901489e-03, 4.7829036993542896e-03,
       4.6096890748528107e-03, 4.5280215592187617e-03,
       4.3627349827774871e-03, 3.8958946702737259e-03,
       4.4247227840819260e-03, 4.4628894837106491e-03,
       4.3309314398190081e-03, 4.7741571077672303e-03,
       2.3349408933204191e-03, -3.4847366909662929e-03,
       -3.1336758269511046e-03, 2.1565186482352342e-03,
