%YAML:1.0
rangeMap: !!opencv-matrix
   rows: 21
   cols: 21
   dt: d
   data: [ 0., 2.1760339043491234e+243, 6.9242154837225318e+218,
       5.1312168356788005e+252, 3.1620201333839779e-322,
       7.1639518646980749e-322, 0., 0., 0., 0., 0., 0., 0., 0., 0., 0.,
       0., 0., 0., 0., 0., 2.1760339043491234e+243,
       6.9242154837225318e+218, 5.1312168356788005e+252,
       3.1620201333839779e-322, 7.1639518646980749e-322, 0., 0., 0., 0.,
       0., 0., 0., 0., 0., 0., 0., 0., 0., 0., 0., 0.,
       6.9242154837225318e+218, 5.1312168356788005e+252,
       3.1620201333839779e-322, 7.1639518646980749e-322, 0., 0., 0., 0.,
       0., 0., 0., 0., 0., 0., 0., 0., 0., 0., 0., 0., 0.,
       5.1312168356788005e+252, 3.1620201333839779e-322,
       7.1639518646980749e-322, 0., 0., 0., 0., 0., 0., 0., 0., 0., 0.,
       0., 0., 0., 0., 0., 0., 0., 2.3764557564963959e-321,
       3.1620201333839779e-322, 7.1639518646980749e-322, 0., 0., 0., 0.,
       0., 0., 0., 0., 0., 0., 0., 0., 0., 0., 0., 0., 0.,
       2.3764557564963959e-321, 6.9533415652655028e-310,
       7.1639518646980749e-322, 0., 0., 0., 0., 0., 0., 0., 0., 0., 0.,
       0., 0., 0., 0., 0., 0., 0., 2.3764557564963959e-321,
       6.9533415652655028e-310, 2.6605687990161797e-315, 0., 0., 0., 0.,
       0., 0., 0., 0., 0., 0., 0., 0., 0., 0., 0., 0., 0.,
       2.3764557564963959e-321, 6.9533415652655028e-310,
       2.6605687990161797e-315, 2.6605313290775991e-315, 0., 0., 0., 0.,
       0., 0., 0., 0., 0., 0., 0., 0., 0., 0., 0., 0.,
       2.3764557564963959e-321, 6.9533415652655028e-310,
       2.6605687990161797e-315, 2.6605313290775991e-315, 0., 0., 0., 0.,
       0., 0., 0., 0., 0., 0., 0., 0., 0., 0., 0., 0.,
       2.3764557564963959e-321, 6.9533415652655028e-310,
       2.6605687990161797e-315, 2.6605313290775991e-315, 0., 0., 0., 0.,
       0., 0., 0., 0., 0., 0., 0., 0., 0., 0., 0., 0.,
       2.3764557564963959e-321, 6.9533415652655028e-310,
       2.6605687990161797e-315, 2.6605313290775991e-315, 0., 0.,
       6.9532849357702639e-310, 0., 0., 0., 0., 0., 0., 0., 0., 0., 0.,
       0., 0., 0., 2.3764557564963959e-321, 6.9533415652655028e-310,
       2.6605687990161797e-315, 2.6605313290775991e-315, 0., 0.,
       6.9532849357702639e-310, 0., 0., 0., 0., 0., 0., 0., 0., 0., 0.,
       0., 0., 0., 2.3764557564963959e-321, 6.9533415652655028e-310,
       2.6605687990161797e-315, 2.6605313290775991e-315, 0., 0.,
       6.9532849357702639e-310, 0., 0., 0., 0., 0., 0., 0., 0., 0., 0.,
       0., 0., 0., 2.3764557564963959e-321, 6.9533415652655028e-310,
       2.6605687990161797e-315, 2.6605313290775991e-315, 0., 0.,
       6.9532849357702639e-310, 0., 0., 0., 0., 0., 0., 0., 0., 0., 0.,
       0., 0., 0., 2.3764557564963959e-321, 6.9533415652655028e-310,
       2.6605687990161797e-315, 2.6605313290775991e-315, 0., 0.,
       6.9532849357702639e-310, 0., 0., 0., 0., 0., 0., 0., 0., 0., 0.,
       0., 0., 0., 2.3764557564963959e-321, 6.9533415652655028e-310,
       2.6605687990161797e-315, 2.6605313290775991e-315, 0., 0.,
       6.9532849357702639e-310, 0., 0., 0., 0., 0., 0., 0., 0., 0., 0.,
       0., 0., 0., 2.3764557564963959e-321, 6.9533415652655028e-310,
       2.6605687990161797e-315, 2.6605313290775991e-315, 0., 0.,
       6.9532849357702639e-310, 0., 0., 0., 0., 0., 0., 0., 0., 0., 0.,
       0., 0., 0., 2.3764557564963959e-321, 6.9533415652655028e-310,
       2.6605687990161797e-315, 2.6605313290775991e-315, 0., 0.,
       6.9532849357702639e-310, 0., 0., 0., 0., 0., 0., 0., 0., 0., 0.,
       0., 0., 0., 2.3764557564963959e-321, 6.9533415652655028e-310,
       2.6605687990161797e-315, 2.6605313290775991e-315, 0., 0.,
       6.9532849357702639e-310, 0., 0., 0., 0., 0., 0., 0., 0., 0., 0.,
       0., 0., 0., 2.3764557564963959e-321, 6.9533415652655028e-310,
       2.6605687990161797e-315, 2.6605313290775991e-315, 0., 0.,
       6.9532849357702639e-310, 0., 0., 0., 0., 0., 0., 0., 0., 0., 0.,
       0., 0., 0., 2.3764557564963959e-321, 6.9533415652655028e-310,
       2.6605687990161797e-315, 2.6605313290775991e-315, 0., 0.,
       6.9532849357702639e-310, 0., 0., 0., 0., 0., 0., 0., 0., 0., 0.,
       0., 0., 0., 2.3764557564963959e-321, 6.9533415652655028e-310,
       2.6605687990161797e-315, 2.6605313290775991e-315, 0., 0.,
       6.9532849357702639e-310, 0., 0., 0., 0., 0., 0., 0., 0., 0., 0.,
       0. ]
graspMemoryTries1: !!opencv-matrix
   rows: 21
   cols: 21
   dt: d
   data: [ 147., 147., 147., 147., 147., 147., 147., 147., 147., 147.,
       147., 147., 147., 147., 147., 147., 147., 147., 147., 147., 147.,
       147., 147., 147., 147., 147., 147., 147., 147., 147., 147., 147.,
       147., 147., 147., 147., 147., 147., 147., 147., 147., 147., 147.,
       147., 147., 147., 147., 147., 147., 147., 147., 147., 147., 147.,
       147., 147., 147., 147., 147., 147., 147., 147., 147., 147., 147.,
       147., 147., 147., 147., 147., 147., 147., 147., 147., 147., 147.,
       147., 147., 147., 147., 147., 147., 147., 147., 147., 147., 147.,
       147., 147., 147., 147., 147., 147., 147., 147., 147., 147., 147.,
       147., 147., 147., 147., 147., 147., 147., 147., 147., 147., 147.,
       148., 147., 147., 147., 147., 147., 147., 147., 147., 147., 147.,
       147., 147., 147., 147., 147., 147., 147., 147., 147., 147., 147.,
       147., 147., 147., 147., 147., 147., 147., 147., 147., 147., 147.,
       147., 147., 147., 147., 147., 147., 147., 147., 147., 147., 147.,
       147., 147., 147., 147., 147., 147., 147., 147., 147., 147., 147.,
       147., 147., 147., 147., 147., 147., 147., 147., 147., 147., 147.,
       147., 147., 147., 147., 147., 147., 147., 147., 147., 147., 147.,
       147., 147., 147., 147., 147., 147., 147., 147., 147., 147., 147.,
       147., 147., 147., 147., 147., 147., 147., 147., 147., 147., 147.,
       147., 147., 147., 147., 147., 147., 147., 147., 147., 147., 147.,
       147., 147., 147., 147., 147., 147., 147., 147., 147., 147., 147.,
       147., 147., 147., 147., 147., 147., 147., 147., 147., 147., 147.,
       147., 147., 147., 147., 147., 147., 147., 147., 147., 147., 147.,
       147., 147., 147., 147., 147., 147., 147., 147., 147., 147., 147.,
       147., 147., 147., 147., 147., 147., 147., 147., 147., 147., 147.,
       147., 147., 147., 147., 147., 147., 147., 147., 147., 147., 147.,
       147., 147., 147., 147., 147., 147., 147., 147., 147., 147., 147.,
       147., 147., 147., 147., 147., 147., 147., 147., 147., 147., 147.,
       147., 147., 147., 147., 147., 147., 147., 147., 147., 147., 147.,
       147., 147., 147., 147., 147., 147., 147., 147., 147., 147., 147.,
       147., 147., 147., 147., 147., 147., 147., 147., 147., 147., 147.,
       147., 147., 147., 147., 147., 147., 147., 147., 147., 147., 147.,
       147., 147., 147., 147., 147., 147., 147., 147., 147., 147., 147.,
       147., 147., 147., 147., 147., 147., 147., 147., 147., 147., 147.,
       147., 147., 147., 147., 147., 147., 147., 147., 147., 147., 147.,
       147., 147., 147., 147., 147., 147., 147., 147., 147., 147., 147.,
       147., 147., 147., 147., 147., 147., 147., 147., 147., 147., 147.,
       147., 147., 147., 147., 147., 147., 147., 147., 147., 147., 147.,
       147., 147., 147., 147., 147., 147., 147., 147., 147., 147., 147.,
       147., 147., 147., 147., 147., 147., 147., 147., 147., 147., 147.,
       147., 147. ]
