%YAML:1.0
graspZ:
   - -1.0500000000000001e-01
rangeMap: !!opencv-matrix
   rows: 21
   cols: 21
   dt: d
   data: [ 3.8509791826109426e-315, 4.2758141367428203e-315,
       5.7620222907947683e+228, 0., 0., 2.8642386659588668e-315,
       2.8642412351002252e-315, 2.9527239654422057e-315,
       6.9533400769500563e-310, .Nan, 0., 0., 6.9533449313438387e-310,
       6.9533449313438387e-310, 2.9527226215836490e-315,
       2.9527226215836490e-315, 7.9050503334599447e-322,
       2.3715151000379834e-322, 2.9527253883512657e-315,
       4.9406564584124654e-323, 2.1219957904712067e-314,
       4.2522323704853021e+180, 1.0276565433497928e-321,
       4.7430302000759668e-322, 2.8642419465547552e-315,
       3.3951932680147639e-313, 0., 2.9527222263311323e-315,
       1.9762625833649862e-323, 0., 0., 2.9527238468664507e-315, 0., 0.,
       6.9533400769492658e-310, 4.2613161953807514e-320,
       2.8642424208577752e-315, 6.9533444026018991e-310, 0., 0.,
       2.9527236492401923e-315, 1.0325971998082053e-321,
       2.8642402074436818e-315, 2.9527271274623391e-315, 0.,
       4.2747326468066997e-315, 4.9406564584124654e-324, 0., 0.,
       2.9527231354119207e-315, 2.9527222263311323e-315,
       2.9527257045532790e-315, 6.9533400769500563e-310, .Nan, 0., 0.,
       6.9533449313438387e-310, 6.9533449313438387e-310,
       2.9527243606947224e-315, 2.9527243606947224e-315,
       7.9050503334599447e-322, 2.3715151000379834e-322,
       2.9527271274623391e-315, 4.9406564584124654e-323,
       2.1219957904712067e-314, 4.2522323704853021e+180,
       1.2648080533535912e-321, 4.7430302000759668e-322,
       2.9527231749371723e-315, 2.9707941099205226e-313, 0.,
       2.9527239654422057e-315, 1.9762625833649862e-323, 0., 0.,
       2.9527255859775240e-315, 0., 0., 2.9527222263311323e-315,
       4.0874050880446327e-320, 2.8642424208577752e-315,
       6.9533444026018991e-310, 0., 0., 6.9533449313438387e-310,
       1.0325971998082053e-321, 2.8642402074436818e-315,
       2.9527238863917024e-315, 0., 4.2747326468066997e-315,
       4.9406564584124654e-324, 0., 0., 2.9527248745229940e-315,
       2.9527239654422057e-315, 2.9527274436643524e-315,
       6.9533400769500563e-310, .Nan, 0., 0., 6.9533449313438387e-310,
       6.9533449313438387e-310, 2.9527260998057957e-315,
       2.9527260998057957e-315, 7.9050503334599447e-322,
       2.3715151000379834e-322, 2.9527246768967357e-315,
       4.9406564584124654e-323, 2.1219957904712067e-314,
       4.2522323704853021e+180, 1.2648080533535912e-321,
       4.7430302000759668e-322, 2.9527249140482457e-315,
       2.9707941099699292e-313, 0., 2.9527257045532790e-315,
       1.9762625833649862e-323, 0., 0., 2.9527273250885974e-315, 0., 0.,
       2.1219956644844670e-314, 3.9134939807085139e-320,
       2.8642424208577752e-315, 6.9533444026018991e-310, 0., 0., 0.,
       1.0325971998082053e-321, 2.8642402074436818e-315,
       2.9527256255027757e-315, 0., 4.2747326468066997e-315,
       4.9406564584124654e-324, 0., 0., 2.9527266136340674e-315,
       2.9527257045532790e-315, 2.9527291827754258e-315,
       6.9533400769500563e-310, .Nan, 0., 0., 6.9533449313438387e-310,
       6.9533449313438387e-310, 2.9527278389168691e-315,
       2.9527278389168691e-315, 7.9050503334599447e-322,
       2.3715151000379834e-322, 2.9527264160078091e-315,
       4.9406564584124654e-323, 2.1219957904712067e-314,
       4.2522323704853021e+180, 1.2648080533535912e-321,
       4.7430302000759668e-322, 2.9527266531593191e-315,
       2.9707941100193357e-313, 0., 2.9527274436643524e-315,
       1.9762625833649862e-323, 0., 0., 2.8642406422214502e-315, 0., 0.,
       0., 3.7395828733723951e-320, 2.8642424208577752e-315,
       6.9533444026018991e-310, 0., 0., 8.2891730827356408e-315,
       7.9544568980440694e-322, 2.9527273646138491e-315,
       2.9527309218864991e-315, 0., 4.2747326468066997e-315,
       6.9531436082559572e-310, 0., 0., 2.9527283527451408e-315,
       2.9527274436643524e-315, 2.9527310009370025e-315,
       6.9533400769500563e-310, .Nan, 0., 0., 6.9533449313438387e-310,
       6.9533449313438387e-310, 2.9527295780279424e-315,
       2.9527295780279424e-315, 1.0276565433497928e-321,
       4.7430302000759668e-322, 2.9527283922703924e-315,
       2.9707941100687423e-313, 0., 2.9527291827754258e-315,
       1.9762625833649862e-323, 0., 0., 2.9527308033107441e-315, 0., 0.,
       0., 3.5893869170366561e-320, 2.8642424208577752e-315,
       6.9533444026018991e-310, 0., 0., 2.3715151000379834e-322,
       3.1620201333839779e-322, 2.8642404445951918e-315,
       7.9050503334599447e-323, 2.1219957904712067e-314,
       3.0307855600444392e+180, 6.5973813954582049e-310,
       2.9527323447955592e-315, 6.9533400769500563e-310,
       7.9544568980440694e-322, 2.8642411560497218e-315,
       2.9527349534621692e-315, 0., 4.2747326468066997e-315,
       4.9406564584124654e-324, 0., 0., 2.8642404050699402e-315,
       2.9527291827754258e-315, 2.9527328190985792e-315,
       6.9533400769500563e-310, .Nan, 0., 0., 6.9533449313438387e-310,
       6.9533449313438387e-310, 2.9527313961895191e-315,
       2.9527313961895191e-315, 1.3438585566881906e-321,
       4.7430302000759668e-322, 2.9527298942299558e-315,
       2.9707941101181489e-313, 0., 2.9527310009370025e-315,
       1.9762625833649862e-323, 0., 0., 2.9527326214723208e-315, 0., 0.,
       1.7308280440033819e-306, 3.4075707593670774e-320,
       2.8642424208577752e-315, 6.9533444026018991e-310, 0., 0.,
       2.3715151000379834e-322, 3.1620201333839779e-322,
       2.9527306056844858e-315, 7.9050503334599447e-323,
       2.1219957904712067e-314, 2.1735210328799812e+243,
       1.8198445580422679e-306, 2.9527338467551225e-315,
       6.9533400769500563e-310, 7.9544568980440694e-322,
       2.9527309218864991e-315, 2.9527349534621692e-315, 0.,
       4.2747326468066997e-315, 4.9406564584124654e-324, 0., 0.,
       2.9527290641996708e-315, 2.9527310009370025e-315,
       2.9527350325126725e-315, 6.9533400769500563e-310, .Nan, 0., 0.,
       6.9533449313438387e-310, 6.9533449313438387e-310,
       2.9527332143510958e-315, 2.9527332143510958e-315,
       1.3438585566881906e-321, 4.7430302000759668e-322,
       2.9527317123915325e-315, 2.9707941101675554e-313, 0.,
       2.9527328190985792e-315, 1.9762625833649862e-323, 0., 0.,
       2.9527347558359109e-315, 0., 0., 0., 3.2257546016974987e-320,
       2.8642424208577752e-315, 6.9533444026018991e-310, 0., 0.,
       2.3715151000379834e-322, 3.1620201333839779e-322,
       2.9527324238460625e-315, 7.9050503334599447e-323,
       2.1219957904712067e-314, 3.0308112674900790e+180,
       2.6445799879362392e+207, 2.9527336096036125e-315,
       5.5335352334219613e-322, 3.9525251667299724e-322,
       2.8642407607972052e-315, 1.5810100666919889e-322,
       2.1219957904712067e-314, 4.4403249980218573e+252,
       3.7767313752517281e+209, 3.7380636215114333e-317,
       2.9527330562500892e-315, 2.9707941106122145e-313, 0.,
       7.9544568980440694e-322, 2.8642411560497218e-315,
       3.0138736403976918e-315, 0., 4.2747326468066997e-315,
       4.9406564584124654e-324, 0., 0., 2.9527305661592341e-315,
       2.9527328190985792e-315, 2.9527365344722359e-315,
       6.9533400769500563e-310, .Nan, 0., 0., 6.9533449313438387e-310,
       6.9533449313438387e-310, 2.9527354277651892e-315,
       2.9527354277651892e-315, 1.7391110733611878e-321,
       4.7430302000759668e-322, 2.9527335305531092e-315,
       2.9707941102169620e-313, 0., 2.9527350325126725e-315,
       1.9762625833649862e-323, 0., 0., 2.9527344396338975e-315, 0., 0.,
       2.9527336096036125e-315, 3.0044131923606202e-320,
       2.8642424208577752e-315, 6.9533444026018991e-310, 0., 0.,
       6.8991156073171207e-310, 7.9544568980440694e-322,
       2.9527349534621692e-315, 2.9527382735833092e-315, 0.,
       4.2747326468066997e-315, 4.9406564584124654e-324, 0., 0.,
       2.9527323843208108e-315, 2.9527350325126725e-315,
       2.9527383526338126e-315, 6.9533400769500563e-310, .Nan, 0., 0.,
