%YAML:1.0
rangeMap: !!opencv-matrix
   rows: 21
   cols: 21
   dt: d
   data: [ -2.1951164572295624e-03, -4.7770803343310910e-03,
       -4.4859720726403447e-03, -4.5130134459865487e-03,
       -3.8219685603462176e-03, -5.7507958791067244e-03,
       -5.9647900777350564e-03, -6.0933971317176528e-03,
       -7.0832443492943632e-03, -6.9968950017490266e-03,
       -8.6161372291377412e-03, -8.5251217494112311e-03,
       -7.5146766405652151e-03, -6.0497471088314710e-03,
       -5.6650242538195767e-03, -5.9050452136694635e-03,
       -8.5768602109436553e-03, -1.0563311585717718e-02,
       -6.3399911933053428e-03, -7.4645522437576774e-03,
       -8.9282734628706450e-03, -1.5344961706885631e-03,
       -4.4695764591573157e-03, -3.7093049984404510e-03,
       -1.9927523925287191e-03, -2.6906975932535649e-03,
       -4.0084976909164410e-03, -5.1798141380037157e-03,
       -5.9040939874492821e-03, -5.8822343845539157e-03,
       -6.7308170764052069e-03, -7.5686638471387209e-03,
       -7.3743242360902279e-03, -5.7145823559725164e-03,
       -4.3771264470989831e-03, -7.2274540791526596e-03,
       -5.5326381989836346e-03, -8.9021846671672161e-03,
       -1.1597928199754377e-02, -7.9563183466344802e-03,
       -7.7683131168090067e-03, -7.5290409947710189e-03,
       -9.8301830180880885e-04, -3.8345899564926813e-03,
       -3.5305257503379052e-03, -2.9778206226091005e-03,
       -3.3169380330061071e-03, -4.8171613332560464e-03,
       -5.0227253316996430e-03, -5.1533030926673830e-03,
       -5.0807789545814558e-03, -6.7885141445009015e-03,
       -7.2550317859782602e-03, -6.4316385724413417e-03,
       -5.6280501393845194e-03, -6.1239677559712744e-03,
       -7.6476662382374350e-03, -2.5454584861916330e-03,
       -5.3838009138683666e-03, -7.0814308341421500e-03,
       -7.9806757634820012e-03, -8.3313461707607856e-03,
       -7.2835310730314500e-03, -4.1273772426951756e-04,
       -1.6911232506657207e-03, -3.0858917701164670e-03,
       -4.0675698605123385e-03, -4.1215469085272276e-03,
       -4.8128983020934869e-03, -5.7007387314886139e-03,
       -5.7480036680114576e-03, -5.9901188567221212e-03,
       -6.3908005462576011e-03, -6.8308254358239060e-03,
       -5.6000007825742180e-03, -5.6726197835551845e-03,
       -5.4479857770718771e-03, -5.5537688950858637e-03,
       -6.6728869743346427e-03, -3.4449255998118982e-03,
       -6.1240324900822662e-03, -8.7630943089070015e-03,
       -6.1783395330311233e-03, -5.5430166738374151e-03,
       -7.0634979835722809e-04, -1.5385200291988344e-03,
       -3.5783778402908653e-03, -4.4195347391098941e-03,
       -4.3171354166729424e-03, -7.2384808423589945e-03,
       -7.9860955944324376e-03, -1.1141247274746767e-02,
       -1.3432963850431853e-02, -1.5186299381278865e-02,
       -1.3245035772288190e-02, -8.9020137132460823e-03,
       -7.0099496905087887e-03, -6.4999917164256689e-03,
       -4.7913280813792194e-03, -5.8298325169896213e-03,
       -5.5107101143327614e-03, -6.7022951388451511e-03,
       -1.0096863370564632e-02, -5.7900490478739880e-03,
       -6.2115063429043944e-03, -1.4415744095432727e-03,
       -6.0893375847981680e-04, -3.1364594456354772e-03,
       -5.3564744746181546e-03, -8.6991529739495182e-03,
       -2.2299787764824417e-02, -2.6248278057646790e-02,
       -3.4111261853420297e-02, -4.1880304166471212e-02,
       -3.9326222849050081e-02, -3.5332893427482255e-02,
       -3.1318772216864445e-02, -1.7310410962903863e-02,
       -1.0144599171748729e-02, -4.7198306809930705e-03,
       -4.4430793568548399e-03, -8.5337556898796452e-03,
       -8.4618863801536898e-03, -6.5461007419010181e-03,
       -5.9539238719818347e-03, -6.5593245747070598e-03,
       -1.6268261202422659e-03, -2.0785030790341818e-03,
       -4.8939254108298098e-03, -1.1424912770322360e-02,
       -2.1716450238756062e-02, -3.5176707408623442e-02,
       -4.2992556197405496e-02, -4.7397372990835324e-02,
       -4.1767458887160963e-02, -3.7461158929829555e-02,
       -3.5966299965103116e-02, -4.9503009821812563e-02,
       -3.4440225950105416e-02, -2.0841878582528051e-02,
       -9.6955910990420627e-03, -2.4163864875688841e-03,
       -3.8758823984542672e-03, -8.4828021674333808e-03,
       -7.5505069812027686e-03, -5.4209001181706193e-03,
       -7.0886906852146922e-03, -6.7803111545813497e-04,
       -3.3325180876476661e-03, -5.7619870630678076e-03,
       -1.4982267809246745e-02, -2.3833784175124204e-02,
       -3.2454087213443283e-02, -3.7199046205670952e-02,
       -3.3181147345893412e-02, -2.1266115817223027e-02,
       -1.6574444683248736e-02, -1.7840222756378039e-02,
       -3.0535204417202363e-02, -3.4348616097511241e-02,
       -2.9070134759237736e-02, -1.8238252852547529e-02,
       -7.8876816906345813e-03, -7.8315329332186625e-03,
       -9.1125634038214300e-03, -6.4300233950667276e-03,
       -6.2540850319755936e-03, -7.2876969854657574e-03,
       -3.0420062260248012e-03, -5.9374843555783296e-03,
       -1.0097865339449565e-02, -1.9225580993170486e-02,
       -1.5342122839475886e-02, -1.3595914861959308e-02,
       -1.6178139656223285e-02, -1.8405513973452720e-02,
       -1.7902415864439358e-02, -1.4779322347530552e-02,
       -1.1293185463810376e-02, -8.9165160976494087e-03,
       -1.6771393612569869e-02, -3.3008839098872124e-02,
       -3.0073243767114080e-02, -1.2354471309065447e-02,
       -8.9759497537010621e-03, -8.2478022555372479e-03,
       -7.5842590613740346e-03, -5.7585448531469281e-03,
       -7.5915494899054334e-03, -3.5210283286821746e-03,
       -8.9341539297656935e-03, -1.8104345980231827e-02,
       -2.1192204608289682e-02, -1.8612582068899604e-02,
       -1.2053329435094368e-02, -7.3151109736898064e-03,
       -6.7374154139284315e-03, -1.5274236595799988e-02,
       -1.8287509256156458e-02, -1.6411974393444780e-02,
       -1.2841806442067361e-02, -1.1196080722098730e-02,
       -2.4356383769155759e-02, -3.2022400728129723e-02,
       -1.6152343749105597e-02, -1.0382990940605259e-02,
       -9.0280558761776479e-03, -6.9462213788948060e-03,
       -5.7876636079301370e-03, -7.7697629002649012e-03,
       -4.0113276327951803e-03, -8.1160867409879010e-03,
       -2.0591995596837869e-02, -2.1073450419653222e-02,
       -1.4847435063955481e-02, -1.0020701455550377e-02,
       -2.0304864392435193e-03, -1.7240705664394041e-03,
       -1.2544694403478520e-02, -1.5602474599547785e-02,
       -1.5375017801255511e-02, -1.5099132991730444e-02,
       -1.4985074339319487e-02, -2.1168299734452726e-02,
       -2.8369080734119409e-02, -1.6395543369395246e-02,
       -1.0065355813255631e-02, -8.8913821236014153e-03,
       -6.7595891379567770e-03, -5.5062161860398272e-03,
       -6.5092337190825319e-03, -3.2332504079254157e-03,
       -7.1370355832220279e-03, -2.0956200549425617e-02,
       -2.6049784975655733e-02, -1.5334208450447648e-02,
       -8.0703523408622822e-03, -4.7108946941415517e-04,
       -4.6150020652122193e-03, -1.2530386893636678e-02,
       -1.4293549058968407e-02, -1.5181334049224893e-02,
       -1.6901126635626120e-02, -1.7444145193935532e-02,
       -2.1358879727319285e-02, -2.7251755437255339e-02,
       -2.1637576873603979e-02, -8.9478621120887333e-03,
       -6.5823788754171726e-03, -5.8146208513475076e-03,
       -5.4910457649268805e-03, -6.2028656120608500e-03,
       -2.7823619680501363e-03, -7.0103954445753834e-03,
       -2.1151762005871124e-02, -2.5442549407148268e-02,
       -1.5720376570330315e-02, -8.7108934955103193e-03,
       -1.0551085902682246e-03, -4.7381780242996691e-03,
       -1.2858518478478931e-02, -1.7288000691454836e-02,
       -1.5141926249100315e-02, -1.7125251649319398e-02,
       -2.2405835859358972e-02, -3.0513353761351062e-02,
       -2.7879289592598111e-02, -2.1070888805454609e-02,
       -8.9457910418809898e-03, -6.8867306679971296e-03,
       -6.1830469777964569e-03, -5.6043312976160435e-03,
       -5.3850400899504358e-03, -2.0242105735447484e-03,
       -7.0272745261565923e-03, -2.1899135516829937e-02,
       -2.7657308254588401e-02, -1.7116445645413359e-02,
