%YAML:1.0
savedTime:
   - 1.4855545515736668e+09
currentTableZ:
   - 2.0353401462955936e-01
