%YAML:1.0
savedTime:
   - 1.4797552483547494e+09
currentTableZ:
   - 1.9142586805290188e-01
