%YAML:1.0
savedTime:
   - 1.4648700143021169e+09
currentTableZ:
   - 2.2172769066523648e-01
cropUpperLeftCorner:
   - 320.
   - 200.
vanishingPointReticle:
   - 314.
   - 218.
heightReticles:
   - 329.
   - 331.
   - 335.
   - 340.
   - 190.
   - 184.
   - 173.
   - 148.
colorReticles:
   - 462
   - 450
   - 439
   - 428
   - 419
   - 410
   - 405
   - 399
   - 394
   - 389
   - 383
   - 381
   - 379
   - 378
   - 153
   - 153
   - 153
   - 153
   - 153
   - 154
   - 154
   - 154
   - 154
   - 154
   - 155
   - 155
   - 155
   - 155
lensCorrections:
   - 7.7500000000000013e-01
   - 7.7500000000000013e-01
   - 7.7500000000000013e-01
   - 7.7500000000000013e-01
   - 1.0150000000000003e+00
   - 1.0150000000000003e+00
   - 1.0150000000000003e+00
   - 1.0150000000000003e+00
gear0offset:
   - 3.2000001519918442e-02
   - 2.6000000536441803e-02
   - 1.6722800210118294e-02
   - 0.
cameraExposure: 80
cameraGain: 5
cameraWhiteBalanceRed: 1124
cameraWhiteBalanceGreen: 1024
cameraWhiteBalanceBlue: 2048
