%YAML:1.0
savedTime:
   - 1.4620916118293178e+09
currentTableZ:
   - 2.2716911139740767e-01
cropUpperLeftCorner:
   - 320.
   - 200.
vanishingPointReticle:
   - 314.
   - 218.
heightReticles:
   - 330.
   - 331.
   - 335.
   - 344.
   - 191.
   - 185.
   - 176.
   - 150.
colorReticles:
   - 462
   - 450
   - 439
   - 428
   - 419
   - 410
   - 405
   - 399
   - 394
   - 389
   - 383
   - 381
   - 379
   - 378
   - 153
   - 153
   - 153
   - 153
   - 153
   - 154
   - 154
   - 154
   - 154
   - 154
   - 155
   - 155
   - 155
   - 155
lensCorrections:
   - 1.0400000000000000e+00
   - 1.1000000000000001e+00
   - 1.1000000000000001e+00
   - 1.1000000000000001e+00
   - 1.0300000000000000e+00
   - 1.1000000000000001e+00
   - 1.1000000000000001e+00
   - 1.1000000000000001e+00
gear0offset:
   - 3.2000001519918442e-02
   - 2.6000000536441803e-02
   - 1.6722800210118294e-02
   - 0.
cameraExposure: 80
cameraGain: 20
cameraWhiteBalanceRed: 1024
cameraWhiteBalanceGreen: 1024
cameraWhiteBalanceBlue: 2048
