%YAML:1.0
savedTime:
   - 1.4636051335824881e+09
currentTableZ:
   - 2.2275638172622086e-01
cropUpperLeftCorner:
   - 320.
   - 200.
vanishingPointReticle:
   - 314.
   - 218.
heightReticles:
   - 330.
   - 333.
   - 337.
   - 345.
   - 192.
   - 184.
   - 175.
   - 152.
colorReticles:
   - 462
   - 450
   - 439
   - 428
   - 419
   - 410
   - 405
   - 399
   - 394
   - 389
   - 383
   - 381
   - 379
   - 378
   - 153
   - 153
   - 153
   - 153
   - 153
   - 154
   - 154
   - 154
   - 154
   - 154
   - 155
   - 155
   - 155
   - 155
lensCorrections:
   - 4.9499999999999994e-01
   - 4.9499999999999994e-01
   - 4.9499999999999994e-01
   - 4.9499999999999994e-01
   - 8.1500000000000017e-01
   - 8.1500000000000017e-01
   - 8.1500000000000017e-01
   - 8.1500000000000017e-01
gear0offset:
   - 3.2000001519918442e-02
   - 2.6000000536441803e-02
   - 1.6722800210118294e-02
   - 0.
cameraExposure: 80
cameraGain: 40
cameraWhiteBalanceRed: 1124
cameraWhiteBalanceGreen: 1024
cameraWhiteBalanceBlue: 2048
