%YAML:1.0
savedTime:
   - 1.4513154829634726e+09
currentTableZ:
   - 2.3871688893621629e-01
cropUpperLeftCorner:
   - 320.
   - 200.
vanishingPointReticle:
   - 314.
   - 218.
heightReticles:
   - 331.
   - 332.
   - 338.
   - 350.
   - 191.
   - 184.
   - 172.
   - 150.
colorReticles:
   - 462
   - 450
   - 439
   - 428
   - 419
   - 410
   - 405
   - 399
   - 394
   - 389
   - 383
   - 381
   - 379
   - 378
   - 153
   - 153
   - 153
   - 153
   - 153
   - 154
   - 154
   - 154
   - 154
   - 154
   - 155
   - 155
   - 155
   - 155
lensCorrections:
   - 1.1699999999999999e+00
   - 1.7394877871243930e+00
   - 2.0078364554817369e+00
   - 2.1667800437169755e+00
   - 9.4479972387101308e-01
   - 9.2892317003083147e-01
   - 8.7568097858689786e-01
   - 8.4508234212420608e-01
gear0offset:
   - 3.2000001519918442e-02
   - 2.6000000536441803e-02
   - 1.6722800210118294e-02
   - 0.
cameraExposure: 100
cameraGain: 0
cameraWhiteBalanceRed: 1088
cameraWhiteBalanceGreen: 1024
cameraWhiteBalanceBlue: 3040
