%YAML:1.0
savedTime:
   - 1.4540434162886837e+09
currentTableZ:
   - 2.2579942478285203e-01
cropUpperLeftCorner:
   - 320.
   - 200.
vanishingPointReticle:
   - 314.
   - 218.
heightReticles:
   - 331.
   - 332.
   - 338.
   - 350.
   - 191.
   - 184.
   - 172.
   - 150.
colorReticles:
   - 462
   - 450
   - 439
   - 428
   - 419
   - 410
   - 405
   - 399
   - 394
   - 389
   - 383
   - 381
   - 379
   - 378
   - 153
   - 153
   - 153
   - 153
   - 153
   - 154
   - 154
   - 154
   - 154
   - 154
   - 155
   - 155
   - 155
   - 155
lensCorrections:
   - 1.2154056908269861e+00
   - 1.7079251148391841e+00
   - 2.0078364554817369e+00
   - 2.1667800437169755e+00
   - 1.0109833924484006e+00
   - 8.5986100262856868e-01
   - 8.7568097858689786e-01
   - 8.4508234212420608e-01
gear0offset:
   - 3.2000001519918442e-02
   - 2.6000000536441803e-02
   - 1.6722800210118294e-02
   - 0.
cameraExposure: 80
cameraGain: 10
cameraWhiteBalanceRed: 1024
cameraWhiteBalanceGreen: 1024
cameraWhiteBalanceBlue: 2048
