%YAML:1.0
savedTime:
   - 1.4512475644766061e+09
currentTableZ:
   - 2.3334637612746381e-01
cropUpperLeftCorner:
   - 320.
   - 200.
vanishingPointReticle:
   - 319.
   - 189.
heightReticles:
   - 329.
   - 332.
   - 336.
   - 346.
   - 163.
   - 158.
   - 150.
   - 122.
colorReticles:
   - 462
   - 450
   - 439
   - 428
   - 419
   - 410
   - 405
   - 399
   - 394
   - 389
   - 383
   - 381
   - 379
   - 378
   - 153
   - 153
   - 153
   - 153
   - 153
   - 154
   - 154
   - 154
   - 154
   - 154
   - 155
   - 155
   - 155
   - 155
lensCorrections:
   - 1.1296184057737779e+00
   - 1.0937986292243189e+00
   - 1.1342774875524220e+00
   - 1.1516516306863613e+00
   - 1.1946103641010544e+00
   - 1.5868383881553112e+00
   - 1.7633950236966758e+00
   - 1.8000000000000003e+00
gear0offset:
   - 2.3000000044703484e-02
   - 2.3000000044703484e-02
   - 1.6722800210118294e-02
   - 0.
cameraExposure: 82
cameraGain: 0
cameraWhiteBalanceRed: 1088
cameraWhiteBalanceGreen: 1024
cameraWhiteBalanceBlue: 2544
