%YAML:1.0
rangeMap: !!opencv-matrix
   rows: 21
   cols: 21
   dt: d
   data: [ -1.9475965888437160e-03, -2.0225933263546534e-03,
       -2.6575711958703877e-03, -2.5641459810025755e-03,
       -3.2167058511088776e-03, -3.3955322964760826e-03,
       -3.3382567342165425e-03, -3.7181329486962364e-03,
       -4.0310897562001310e-03, -4.4656865137438218e-03,
       -7.1774282745368364e-03, -1.0018588434074674e-02,
       -1.1135606846364176e-02, -7.1083108657341914e-03,
       -5.6209399039161253e-03, -5.7214199238505414e-03,
       -6.1206487419919343e-03, -6.3588514795357614e-03,
       -6.2927193034479738e-03, -6.7867026356675667e-03,
       -7.3590314171878097e-03, -2.2453296099798304e-03,
       -2.3032576685138189e-03, -2.1574118564158147e-03,
       -3.0618947870059048e-03, -3.3361582541467090e-03,
       -3.2830795997767876e-03, -3.4121889386809563e-03,
       -3.9738390630783072e-03, -4.3380184102776624e-03,
       -5.3330972302702449e-03, -8.1092892205223213e-03,
       -1.1582611444422479e-02, -1.0592546948695299e-02,
       -6.7681564243969403e-03, -5.7386113482032269e-03,
       -5.7194324147038494e-03, -5.9509142966959966e-03,
       -6.2606528797342085e-03, -6.3121900756000684e-03,
       -6.7987091403772463e-03, -6.7758228099960962e-03,
       -2.0607414653691421e-03, -2.5970109840862871e-03,
       -2.3554560017858940e-03, -2.9874708873623770e-03,
       -3.3401262445243224e-03, -3.5716132014389276e-03,
       -4.0375053324427177e-03, -4.2733779401638210e-03,
       -4.3911128860569006e-03, -4.7232005178633549e-03,
       -8.1283710601059919e-03, -1.2569618115641119e-02,
       -1.0164913681197273e-02, -6.3670700392313186e-03,
       -6.6827173748834762e-03, -6.3453605184305706e-03,
       -6.4566501105361978e-03, -6.0168756259412377e-03,
       -6.0661711782999533e-03, -6.4272204215928093e-03,
       -7.1526009349803668e-03, -2.0903473290161162e-03,
       -2.2788359275434313e-03, -1.6919323228204348e-03,
       -2.6005167125068775e-03, -2.8881970701771153e-03,
       -3.0799760559811801e-03, -3.8134831558254731e-03,
       -4.2564367819396039e-03, -4.5263940844382259e-03,
       -5.4525148763813133e-03, -8.9221242773179828e-03,
       -1.2408027319016662e-02, -9.0805716488674242e-03,
       -5.4728606901541087e-03, -5.7748729672145284e-03,
       -6.3403264632556850e-03, -6.6902266616628700e-03,
       -6.2097713922363695e-03, -6.0576619636433307e-03,
       -6.9858536570884698e-03, -7.4280187458767351e-03,
       -1.7723840583387571e-03, -1.8470214206538673e-03,
       -1.1917278107260330e-03, -2.2777127114940810e-03,
       -2.7776314077776454e-03, -2.8476160064023308e-03,
       -3.5925522671749746e-03, -3.8931027684964638e-03,
       -4.3641463472326222e-03, -5.8709729682194850e-03,
       -9.9818800890643031e-03, -1.2822032443559686e-02,
       -7.8605794481484310e-03, -5.6691278331077099e-03,
       -5.3436758271596524e-03, -5.8767063701113328e-03,
       -6.2651764285233304e-03, -6.2390098711625347e-03,
       -6.1211833896001669e-03, -6.6373047982916863e-03,
       -6.4776132786792638e-03, -1.5358007678745315e-03,
       -1.7593748058876368e-03, -1.5999314657254011e-03,
       -2.1293443827624004e-03, -2.5791879352498738e-03,
       -3.0792339837346487e-03, -3.7259021795825855e-03,
       -4.4722531965560950e-03, -4.6838263097971544e-03,
       -5.5990130212209901e-03, -1.0384747852461072e-02,
       -1.2550923942675381e-02, -7.1035750719942621e-03,
       -5.7000311096819072e-03, -5.5214910723915094e-03,
       -5.9367829034181925e-03, -6.0523030717114183e-03,
       -5.8466343513886958e-03, -6.1691427939754104e-03,
       -6.6784056904155070e-03, -6.5154938663161150e-03,
       -1.7933752514948185e-03, -1.7719880094291100e-03,
       -1.9501743082878673e-03, -2.1226398741490344e-03,
       -2.2975561648227757e-03, -2.9373741829268095e-03,
       -4.0146202667007379e-03, -4.5185762861494477e-03,
       -4.5013078330591949e-03, -5.4433098484047053e-03,
       -1.0796092127860580e-02, -1.1782386154804802e-02,
       -5.5477363364569588e-03, -5.5342013398599803e-03,
       -5.6119326648305752e-03, -5.4905748525677176e-03,
       -5.6845259467609563e-03, -5.8516997504791902e-03,
       -5.9715418823363510e-03, -6.4797647264987083e-03,
       -7.0498132060677760e-03, -1.6200282774123450e-03,
       -1.4264014506588339e-03, -8.1095106782753165e-04,
       -1.4421175659267162e-03, -2.3207997233492118e-03,
       -2.8596186516459433e-03, -3.6176668064222123e-03,
       -3.9026415852905774e-03, -4.4600762179252016e-03,
       -6.2373913895536854e-03, -1.0313498687501392e-02,
       -1.0079885027057315e-02, -5.9868839713862225e-03,
       -5.3470592247461006e-03, -5.6077221378972595e-03,
       -5.3782849114247105e-03, -5.5313730417763194e-03,
       -5.6447211270378673e-03, -5.8637330479997113e-03,
       -7.1302127036087168e-03, -7.7547509715936765e-03,
       -7.2330227611471485e-04, -1.5176142381496051e-03,
       -5.3327200786140998e-04, -1.1083366770859079e-03,
       -2.2409914266488598e-03, -2.2164708788636046e-03,
       -2.6035687051927095e-03, -3.5641969927497972e-03,
       -4.7392031932856158e-03, -6.7515166259778407e-03,
       -1.0525784455471044e-02, -9.9712406263633459e-03,
       -5.7073795318531347e-03, -4.9314998364952149e-03,
       -5.0588486480337095e-03, -5.5269954940071232e-03,
       -5.7465605237497211e-03, -5.4792380994281393e-03,
       -6.0426420752075112e-03, -7.2553176993844729e-03,
       -7.3390500288798323e-03, -7.8464503292015829e-04,
       -9.0522745141523135e-04, -5.9872164779554082e-04,
       -1.6690960529627890e-03, -2.4614915311412526e-03,
       -2.2703646927958142e-03, -2.7049368097240606e-03,
       -3.8103221907886653e-03, -4.5170391617069859e-03,
       -7.2235929328494245e-03, -8.5213055033944215e-03,
       -7.1644791594946610e-03, -5.0286091992672892e-03,
       -4.7549149536808919e-03, -4.9452535069836054e-03,
       -4.9851579587870494e-03, -5.2731404948220114e-03,
       -5.3298280085661218e-03, -5.9443291090744092e-03,
       -6.2606632081519649e-03, -5.5233114831437502e-03,
       -8.5458232064582868e-04, -1.2254590443765167e-03,
       -1.2229689900129677e-03, -1.0413970781126282e-03,
       -1.7969276460759001e-03, -2.6728899699644862e-03,
       -3.5256625476238193e-03, -3.7181736550012004e-03,
       -3.8203925082160718e-03, -6.7450031597959736e-03,
       -9.5458750784842162e-03, -6.5263969006296545e-03,
       -4.4328182614342352e-03, -4.7682286729178172e-03,
       -5.1078115951729485e-03, -4.9291843312008147e-03,
       -5.3417588741280376e-03, -5.4439884532529129e-03,
       -5.6797911560670950e-03, -5.5834444725294035e-03,
       -5.4334987333487005e-03, -6.1867639274520146e-04,
       -9.0155229821045982e-04, -1.2263518434889940e-03,
       -9.6586273803007353e-04, -2.1000143564466282e-03,
       -2.4390770461344097e-03, -3.2422630017098384e-03,
       -3.5152768716845014e-03, -3.6054157904351889e-03,
       -6.9803163617596720e-03, -9.4454935598767241e-03,
       -4.6924482675891272e-03, -3.4395247278338204e-03,
       -4.7016635703320889e-03, -5.2259520235138652e-03,
       -5.0170657256263101e-03, -5.3099645449453739e-03,
       -5.4795881842787360e-03, -5.1452065404619680e-03,
       -5.2524278791198599e-03, -5.3111728317059379e-03,
       -7.4414202647913902e-04, -8.7313114771498865e-04,
       -5.5823086549137751e-04, -1.3072127507250491e-03,
       -2.7698270607837672e-03, -2.4074340307995877e-03,
       -2.7888833721134475e-03, -2.6876473708464482e-03,
       -3.9311531113180110e-03, -8.2689108857817353e-03,
       -9.1568182721925157e-03, -3.8337837833771200e-03,
       -3.6324920581708572e-03, -4.0576167475031106e-03,
       -4.6417797876188698e-03, -4.9003149913730802e-03,
       -4.8556204695371589e-03, -5.3398195323673681e-03,
       -4.9083476739508773e-03, -5.2456584952377166e-03,
       -5.1478572616992018e-03, -6.2568175447787980e-04,
       -6.9396311416330318e-04, -3.0621167416201958e-04,
       -1.5254991230691070e-03, -2.1566741429616806e-03,
