%YAML:1.0
grasps:
   size: 0
   graspPoses:
      []
placeUnderPoints:
   size: 1
   pupPoses:
      - { px:-8.4530349317902143e-03, py:2.6637831831909611e-02,
          pz:-1.6376443875430288e-01, qw:9.9999988079071045e-01,
          qx:4.7799129970371723e-04, qy:8.1527861766517162e-05,
          qz:-2.0688772201538086e-04 }
placeOverPoints:
   size: 1
   popPoses:
      - { px:-8.4530349317902143e-03, py:2.6637831831909611e-02,
          pz:-1.6376443875430288e-01, qw:9.9999988079071045e-01,
          qx:4.7799129970371723e-04, qy:8.1527861766517162e-05,
          qz:-2.0688772201538086e-04 }
