%YAML:1.0
labels:
   - "catScan5_011310P0011right2016-02-08_15:39:06/autoClass_011310P0011_right_2016-02-08_15:40:23"
poseModels:
   - B
