%YAML:1.0
graspMemoryTries1: !!opencv-matrix
   rows: 21
   cols: 21
   dt: d
   data: [ 1., 1., 1., 1., 1., 1., 1., 1., 1., 1., 1., 1., 1., 1., 1.,
       1., 1., 1., 1., 1., 1., 1., 1., 1., 1., 1., 1., 1., 1., 1., 1.,
       1., 1., 1., 1., 1., 1., 1., 1., 1., 1., 1., 1., 1., .Nan, .Nan,
       .Nan, .Nan, .Nan, .Nan, .Nan, .Nan, .Nan, .Nan, .Nan, .Nan, .Nan,
       .Nan, .Nan, .Nan, .Nan, 1., 1., 1., 1., .Nan, .Nan, .Nan, .Nan,
       .Nan, .Nan, .Nan, .Nan, .Nan, .Nan, .Nan, .Nan, .Nan, .Nan, .Nan,
       .Nan, .Nan, 1., 1., 1., 1., .Nan, .Nan, .Nan, .Nan, .Nan, .Nan,
       .Nan, .Nan, .Nan, .Nan, .Nan, .Nan, .Nan, .Nan, .Nan, .Nan, .Nan,
       1., 1., 1., 1., .Nan, .Nan, .Nan, .Nan, .Nan, 1., 1., .Nan, .Nan,
       .Nan, 1., 1., 1., 1., 1., 1., 1., 1., 1., 1., 1., 1., 1., 1., 1.,
       1., 1., 1., 1., 1., 1., 1., 1., 1., 1., 1., 1., 1., 1., 1., 1.,
       1., 1., 1., 1., 1., 1., 1., 1., 1., 1., 1., 1., 1., 1., 1., 1.,
       1., 1., 1., 1., 1., 1., 1., 1., 1., 1., 1., 1., 1., 1., 1., 1.,
       1., 1., 1., 1., 1., 1., 1., 1., 1., 1., 1., 1., 1., 1., 1., 1.,
       1., 1., 1., 1., 1., 1., 1., 1., 1., 1., 1., 1., 1., 1., 1., 1.,
       1., 1., 1., 1., 1., 1., 1., 1., 1., 1., 1., 1., 1., 1., 1., 1.,
       1., 1., 1., 1., 1., 1., 1., 1., 1., 1., 1., 1., 1., 1., 1., 1.,
       1., 1., 1., 1., 1., 1., 1., 1., 1., 1., 1., 1., 1., 1., 1., 1.,
       1., 1., 1., 1., 1., 1., 1., 1., 1., 1., 1., 1., 1., 1., 1., 1.,
       1., 1., 1., 1., 1., 1., 1., 1., 1., 1., 1., 1., 1., 1., 1., 1.,
       1., 1., 1., 1., 1., 1., 1., 1., 1., 1., 1., 1., 1., 1., 1., 1.,
       1., 1., 1., 1., 1., 1., 1., 1., 1., 1., 1., 1., 1., 1., 1., 1.,
       1., 1., 1., 1., 1., 1., 1., 1., 1., 1., 1., 1., 1., 1., 1., 1.,
       1., 1., 1., 1., 1., 1., 1., 1., 1., 1., 1., 1., 1., 1., 1., 1.,
       1., 1., 1., 1., 1., 1., 1., 1., 1., 1., 1., 1., 1., 1., 1., 1.,
       1., 1., 1., 1., 1., 1., 1., 1., 1., 1., 1., 1., 1., 1., 1., 1.,
       1., 1., 1., 1., .Nan, .Nan, .Nan, 1., 1., 1., 1., 1., 1., 1., 1.,
       1., 1., 1., 1., 1., 1., 1., 1., 1., 1., 1., 1., 1., 1., 1., 1.,
       1., 1., 1., 1., 1., 1., 1., 1., 1., 1., 1., 1., 1., 1., 1., 1.,
       1., 1., 1., 1., 1., 1. ]
graspMemoryPicks1: !!opencv-matrix
   rows: 21
   cols: 21
   dt: d
   data: [ 8.8207309879567639e-03, 8.8207309879567639e-03,
       8.8207309879567639e-03, 8.8207309879567639e-03,
       8.8207309879567639e-03, 8.8207309879567639e-03,
       8.8207309879567639e-03, 8.8207309879567639e-03,
       8.8207309879567639e-03, 8.8207309879567639e-03,
       8.8207309879567639e-03, 8.8207309879567639e-03,
       8.8207309879567639e-03, 8.8207309879567639e-03,
       8.8207309879567639e-03, 8.8207309879567639e-03,
       8.8207309879567639e-03, 8.8207309879567639e-03,
       8.8207309879567639e-03, 8.8207309879567639e-03,
       8.8207309879567639e-03, 8.8207309879567639e-03,
       8.8207309879567639e-03, 8.8207309879567639e-03,
       8.8207309879567639e-03, 8.8207309879567639e-03,
       8.8207309879567639e-03, 8.8207309879567639e-03,
       8.8207309879567639e-03, 8.8207309879567639e-03,
       8.8207309879567639e-03, 8.8207309879567639e-03,
       8.8207309879567639e-03, 8.8207309879567639e-03,
       8.8207309879567639e-03, 8.8207309879567639e-03,
       8.8207309879567639e-03, 8.8207309879567639e-03,
       8.8207309879567639e-03, 8.8207309879567639e-03,
       8.8207309879567639e-03, 8.8207309879567639e-03,
       8.8207309879567639e-03, 8.8207309879567639e-03, .Nan, .Nan, .Nan,
       .Nan, .Nan, .Nan, .Nan, .Nan, .Nan, .Nan, .Nan, .Nan, .Nan, .Nan,
       .Nan, .Nan, .Nan, 8.8207309879567639e-03, 8.8207309879567639e-03,
       8.8207309879567639e-03, 8.8207309879567639e-03, .Nan, .Nan, .Nan,
       .Nan, .Nan, .Nan, .Nan, .Nan, .Nan, .Nan, .Nan, .Nan, .Nan, .Nan,
       .Nan, .Nan, .Nan, 8.8207309879567639e-03, 8.8207309879567639e-03,
       8.8207309879567639e-03, 8.8207309879567639e-03, .Nan, .Nan, .Nan,
       .Nan, .Nan, .Nan, .Nan, .Nan, .Nan, .Nan, .Nan, .Nan, .Nan, .Nan,
       .Nan, .Nan, .Nan, 8.8207309879567639e-03, 8.8207309879567639e-03,
       8.8207309879567639e-03, 8.8207309879567639e-03, .Nan, .Nan, .Nan,
       .Nan, .Nan, 6.0786237439798207e-01, 1., .Nan, .Nan, .Nan,
       7.1963659037318695e-01, 5.5493906098090173e-01,
       8.4958484488885688e-01, 5.3075196636404132e-01,
       2.5820895481113171e-01, 6.7434437425038662e-01,
       7.3888855233157447e-01, 8.8207309879567639e-03,
       8.8207309879567639e-03, 8.8207309879567639e-03,
       8.8207309879567639e-03, 6.5229288177061973e-01,
       7.5653835989151097e-01, 5.3964147307410992e-01,
       5.5493906097063317e-01, 8.4958484488885688e-01,
       7.5781346059394072e-01, 8.8207309879567639e-03,
       6.7434437425450211e-01, 5.4846207004547654e-01,
       5.4611846404856368e-01, 5.6375938976092821e-01,
       9.4824802033228706e-01, 1.9732661901863485e-01,
       5.1204199889699231e-01, 7.5653835989151097e-01,
       5.3964147303713517e-01, 5.5493906097063317e-01,
       8.8207309879567639e-03, 8.8207309879567639e-03,
       8.8207309879567639e-03, 8.8207309879567639e-03,
       5.4846207004547654e-01, 5.4611846404856368e-01,
       5.6375938976092821e-01, 9.4824802033228706e-01,
       1.9732661901863485e-01, 3.9851125178204261e-01,
       7.5653835989151097e-01, 5.3964147303713517e-01,
       5.5493906097063317e-01, 8.4958484488885688e-01,
       7.5781346059394072e-01, 8.8207309879567639e-03,
       6.7434437423806837e-01, 5.4846207004547654e-01,
       5.4611846404856368e-01, 5.6375938976092821e-01,
       9.4824802033228706e-01, 8.8207309879567639e-03,
       8.8207309879567639e-03, 8.8207309879567639e-03,
       8.8207309879567639e-03, 5.5493906097063317e-01,
       8.4958484488885688e-01, 7.5781346059394072e-01,
       8.8207309879567639e-03, 6.7434437423806837e-01,
       5.4846207004547654e-01, 5.4611846404856368e-01,
       5.6375938976092821e-01, 9.4824802033228706e-01,
       1.9732661901863485e-01, 3.9851125178204261e-01,
       7.5653835989151097e-01, 5.3964147303713517e-01,
       5.5493906097063317e-01, 8.4958484488885688e-01,
       7.5781346059394072e-01, 8.8207309879567639e-03,
       8.8207309879567639e-03, 8.8207309879567639e-03,
       8.8207309879567639e-03, 8.8207309879567639e-03,
       9.4824802033228706e-01, 1.9732661901863485e-01,
       3.9851125178204261e-01, 7.5653835989151097e-01,
       5.3964147303713517e-01, 5.5493906097063317e-01,
       8.4958484488885688e-01, 7.5781346059394072e-01,
       8.8207309879567639e-03, 6.7434437423806837e-01,
       5.4846207004547654e-01, 5.4611846404856368e-01,
       5.6375938976092821e-01, 9.4824802033228706e-01,
       1.9732661901863485e-01, 3.9851125178204261e-01,
       7.5653835989151097e-01, 8.8207309879567639e-03,
       8.8207309879567639e-03, 8.8207309879567639e-03,
       8.8207309879567639e-03, 8.8207309879567639e-03,
       6.7434437423806837e-01, 5.4846207004547654e-01,
       5.4611846404856368e-01, 5.6375938976092821e-01,
       9.4824802033228706e-01, 1.9732661901863485e-01,
       3.9851125178204261e-01, 7.5653835989151097e-01,
       5.3964147303713517e-01, 5.5493906097063317e-01,
       8.4958484488885688e-01, 7.5781346059394072e-01,
       8.8207309879567639e-03, 6.7434437423806837e-01,
       5.4846207004547654e-01, 5.4611846404856368e-01,
       8.8207309879567639e-03, 8.8207309879567639e-03,
       8.8207309879567639e-03, 8.8207309879567639e-03,
       7.5653835989151097e-01, 5.3964147303713517e-01,
       5.5493906097063317e-01, 8.4958484488885688e-01,
       7.5781346059394072e-01, 8.8207309879567639e-03,
       6.7434437423806837e-01, 5.4846207004547654e-01,
       5.4611846404856368e-01, 5.6375938976092821e-01,
       9.4824802033228706e-01, 1.9732661901863485e-01,
       3.9851125178204261e-01, 7.5653835989151097e-01,
       5.3964147303713517e-01, 5.5493906097063317e-01,
       8.4958484488885688e-01, 8.8207309879567639e-03,
       8.8207309879567639e-03, 8.8207309879567639e-03,
       8.8207309879567639e-03, 5.4611846404856368e-01,
