%YAML:1.0
rangeMap: !!opencv-matrix
   rows: 21
   cols: 21
   dt: d
   data: [ 5.0541801329051228e-03, 5.4560992634157214e-03,
       5.4354803666641967e-03, 5.5644668070562245e-03,
       5.6553745570324934e-03, 5.6291803880312245e-03,
       5.6018290371166665e-03, 5.8464184818343068e-03,
       6.1381608425471893e-03, 5.7033228871250395e-03,
       5.1964074649696532e-03, 5.2764208338300809e-03,
       5.0147294239829606e-03, 4.7780180572858690e-03,
       4.7462824089552179e-03, 4.4977842762391074e-03,
       4.0680110382618415e-03, 3.6951777105165072e-03,
       3.5992487081630553e-03, 3.2544009956272102e-03,
       3.1198970320258611e-03, 5.7900654013358565e-03,
       5.9988680815997834e-03, 5.4668657184564588e-03,
       5.3185796186433045e-03, 5.3016654047742607e-03,
       5.8551615061367690e-03, 5.8639110296840368e-03,
       5.8104785198567497e-03, 6.0190623229653840e-03,
       5.6122578552918389e-03, 5.2009133482122348e-03,
       5.1403085961792072e-03, 5.1541904168937273e-03,
       5.0013634308182812e-03, 4.8189004273149882e-03,
       4.3162387896539542e-03, 4.1133889330852947e-03,
       4.0071641209513476e-03, 3.8296911974324819e-03,
       3.5456069215323966e-03, 3.1303496218779083e-03,
       5.9949486995247983e-03, 5.7718512341690120e-03,
       5.4383813888198721e-03, 5.2080774841224524e-03,
       5.4274914910977723e-03, 5.8860486622983313e-03,
       5.3959026066168203e-03, 5.5164313216714746e-03,
       5.4263592814865627e-03, 5.0063929566927200e-03,
       4.9578883277449576e-03, 5.0325433873880457e-03,
       4.5145818496004058e-03, 4.5129968428831730e-03,
       4.8576402671759869e-03, 4.4545077001706488e-03,
       3.9310736262104743e-03, 3.8178068700334290e-03,
       4.2419168721927157e-03, 4.1603345696964531e-03,
       3.4275920675893236e-03, 6.2529353480166141e-03,
       5.9191727792926984e-03, 5.5249843166554138e-03,
       5.4892295899695584e-03, 5.4846881026804828e-03,
       5.5715826651811795e-03, 5.3514687215195176e-03,
       5.6588778629989680e-03, 5.4742308311923685e-03,
       5.1146504385391834e-03, 5.0346325441160923e-03,
       4.5866394494497855e-03, 4.1214891546959174e-03,
       4.3332224306908609e-03, 4.4929149443912438e-03,
       3.9131861397610369e-03, 3.7002175460016350e-03,
       4.1762900337876871e-03, 4.4196787220010577e-03,
       3.8722808979924275e-03, 3.4943982291380520e-03,
       6.3744402963541837e-03, 6.0162003536342774e-03,
       5.6154500956685591e-03, 5.2954001604130626e-03,
       5.6672692890701194e-03, 5.6169217790972958e-03,
       5.3324714313207856e-03, 5.2060806459035261e-03,
       5.5054342378544289e-03, 5.2698854431704458e-03,
       5.1762200966511520e-03, 4.7679348283787438e-03,
       4.5769871626399304e-03, 4.4390653847144364e-03,
       4.0772709816364570e-03, 4.2868818978065940e-03,
       4.0545312084335769e-03, 4.3347900304121327e-03,
       4.1205082652398268e-03, 3.6377361652318329e-03,
       3.5689761028283328e-03, 6.5099542231561083e-03,
       5.7364073961614637e-03, 5.5816962219722311e-03,
       5.3670693143299721e-03, 5.5954248804852393e-03,
       5.4951228524947214e-03, 5.6085982132914212e-03,
       5.5733240640158362e-03, 4.4577944179454172e-03,
       4.2393848760065951e-03, 4.5340178770627536e-03,
       4.7125309408046039e-03, 4.6828439787232109e-03,
       4.2833278583299930e-03, 4.3685779147023263e-03,
       4.9001237551917340e-03, 4.6659472831017471e-03,
       3.6608290539706921e-03, 3.8333727591608729e-03,
       3.9134978691190104e-03, 3.7047087332318972e-03,
       5.9845349655747804e-03, 5.5052092282789648e-03,
       5.5788424044938799e-03, 5.8585460477656622e-03,
       5.7080017794195982e-03, 5.3682117488539358e-03,
       5.3272721312203194e-03, 5.0640248262538538e-03,
       4.2251048007293287e-03, 4.0285406597079000e-03,
       3.7411430519950412e-03, 4.2195558426314402e-03,
       4.3680986975375537e-03, 4.1461848893866241e-03,
       3.9057471297766436e-03, 4.7550554891818680e-03,
       4.8994329180566424e-03, 3.6681007631891760e-03,
       3.6006621199761611e-03, 3.8116994472349808e-03,
       3.5420944286709256e-03, 5.8635976290884774e-03,
       5.7399837249083397e-03, 5.5209782805017852e-03,
       5.7721877358542593e-03, 5.6555546401741022e-03,
       5.1467065811910918e-03, 4.8687031765259079e-03,
       4.9282636495456954e-03, 4.5549400043490042e-03,
       3.9950815055445309e-03, 3.7097471482346761e-03,
       4.2133627942916932e-03, 4.5658903023561822e-03,
       3.9761092963195126e-03, 4.1326607803613014e-03,
       4.3816359245205600e-03, 4.3790013244306165e-03,
       3.8827017583452261e-03, 3.5489867533991162e-03,
       3.5527523756141571e-03, 3.2060788071386149e-03,
       5.8254603951435465e-03, 5.6675646269024604e-03,
       5.5688284024984023e-03, 5.4351504855038087e-03,
       5.4034318824459689e-03, 5.3874342229646910e-03,
       5.0291721813136145e-03, 4.5389825555607879e-03,
       3.2833960032927372e-03, 3.2772823681857200e-03,
       2.2217937649962548e-03, 3.6009129322195975e-03,
       4.3635449618226012e-03, 3.6149576207297118e-03,
       4.5489234629997252e-03, 4.5460376522922005e-03,
       4.2319919401309922e-03, 3.9399913272261684e-03,
       3.6160895392197230e-03, 3.4506117125522452e-03,
       3.1456706642288340e-03, 5.5704234033576612e-03,
       5.3166410828636131e-03, 5.5611289585014182e-03,
       5.6679922178986620e-03, 5.4765935388606992e-03,
       5.2980159012529626e-03, 4.7864594054817166e-03,
       4.4325693403140243e-03, 3.7466785348119302e-03,
       2.3822077093430811e-03, 1.2296243389627259e-03,
       3.2032680068869784e-03, 4.6911422145938320e-03,
       4.0036975391356325e-03, 4.8372574770531194e-03,
       4.6526510848549614e-03, 4.2104871396774074e-03,
       3.7812622072678479e-03, 3.3937933599906545e-03,
       3.4121917499463240e-03, 3.1261368571606925e-03,
       5.2696164256420472e-03, 5.5981471798478991e-03,
       5.8286711096075276e-03, 5.4980492727460173e-03,
       5.4716465851036176e-03, 4.8079977035806083e-03,
       4.7027732282628638e-03, 4.8074074608153586e-03,
       4.4000366915540592e-03, 2.5199186943924063e-03,
       4.7048295386092876e-04, 2.6128780182754371e-03,
       4.8332593684986217e-03, 4.5682735870620113e-03,
       4.7370629739739052e-03, 4.0293892747381025e-03,
       3.7174660149459702e-03, 3.8654317657481892e-03,
       3.2446986363807058e-03, 3.0455542589928586e-03,
       2.8254138489440580e-03, 5.4319643898376223e-03,
       5.5868480375154354e-03, 5.6953261189957973e-03,
       4.9483290458564007e-03, 5.0557036851289709e-03,
       4.9600544637858311e-03, 5.0683873329776486e-03,
       4.8444630743396692e-03, 4.3827526662689456e-03,
       3.2725720136431474e-03, 3.3074899115450966e-03,
       3.9434821868340672e-03, 3.9714632234297024e-03,
       3.9331584892782715e-03, 4.2855880466563983e-03,
       3.8937355623271225e-03, 3.5816324284453083e-03,
       3.5138420512103468e-03, 3.2802055105636209e-03,
       2.7641141866736473e-03, 2.9109904886704635e-03,
       5.9471474662750948e-03, 5.8886637462152247e-03,
       5.1743280327772641e-03, 4.6926461542906913e-03,
       4.9059671343340784e-03, 4.9397237443603763e-03,
       4.9996373030776085e-03, 4.8393848633700928e-03,
       4.8649223910665843e-03, 4.8251639318408496e-03,
       4.7697078225105221e-03, 4.3472948916373627e-03,
       4.2270289226097853e-03, 4.0570469408984068e-03,
       3.9924516410597653e-03, 3.9270748567249193e-03,
       3.8327945668878271e-03, 3.4927083170066429e-03,
       2.9606116568087816e-03, 2.7239126130503889e-03,
       2.6902775474534411e-03, 5.6548357476038438e-03,
       5.1359634006241635e-03, 4.7163086853223958e-03,
       4.9596060572205591e-03, 4.9893871552792509e-03,
       4.8038350737445246e-03, 5.1209805032154552e-03,
       5.3936744373644183e-03, 5.2632123666442165e-03,
       4.8177098387664928e-03, 4.3987279003789657e-03,
       4.2195031209568967e-03, 4.1427117472701246e-03,
       4.0296115699515363e-03, 4.1718638714156051e-03,
