%YAML:1.0
savedTime:
   - 1.4794264068129590e+09
hand_camera_offset: { px:2.7000000000000000e-02,
    py:1.2000000000000000e-02, pz:1.5890000000000001e-02, qw:1., qx:0.,
    qy:0., qz:0. }
cropUpperLeftCorner:
   - 320.
   - 200.
mu:
   - 2.3999999999999998e-03
   - 2.4499999999999999e-03
kappa:
   - 0.
   - 1.9999999999999999e-07
vanishingPointReticle:
   - 319.
   - 189.
heightReticles:
   - 331.
   - 332.
   - 337.
   - 343.
   - 166.
   - 161.
   - 150.
   - 126.
colorReticles:
   - 462
   - 450
   - 439
   - 428
   - 419
   - 410
   - 405
   - 399
   - 394
   - 389
   - 383
   - 381
   - 379
   - 378
   - 153
   - 153
   - 153
   - 153
   - 153
   - 154
   - 154
   - 154
   - 154
   - 154
   - 155
   - 155
   - 155
   - 155
lensCorrections:
   - 9.3500000000000028e-01
   - 8.9500000000000024e-01
   - 8.9500000000000024e-01
   - 8.9500000000000024e-01
   - 1.0950000000000004e+00
   - 1.0550000000000004e+00
   - 1.0550000000000004e+00
   - 1.0550000000000004e+00
gear0offset:
   - 2.3000000044703484e-02
   - 2.3000000044703484e-02
   - 1.6722800210118294e-02
   - 0.
cameraExposure: 80
cameraGain: 15
cameraWhiteBalanceRed: 1124
cameraWhiteBalanceGreen: 1024
cameraWhiteBalanceBlue: 2048
