%YAML:1.0
savedTime:
   - 1.4754528897954865e+09
hand_camera_offset: { px:2.7000000000000000e-02,
    py:1.2000000000000000e-02, pz:1.5890000000000001e-02, qw:1., qx:0.,
    qy:0., qz:0. }
cropUpperLeftCorner:
   - 320.
   - 200.
vanishingPointReticle:
   - 313.
   - 185.
heightReticles:
   - 314.
   - 317.
   - 320.
   - 328.
   - 154.
   - 149.
   - 139.
   - 120.
colorReticles:
   - 462
   - 450
   - 439
   - 428
   - 419
   - 410
   - 405
   - 399
   - 394
   - 389
   - 383
   - 381
   - 379
   - 378
   - 153
   - 153
   - 153
   - 153
   - 153
   - 154
   - 154
   - 154
   - 154
   - 154
   - 155
   - 155
   - 155
   - 155
lensCorrections:
   - 1.1799999999999999e+00
   - 1.1200000000000001e+00
   - 1.0900000000000001e+00
   - 1.0800000000000001e+00
   - 1.1599999999999999e+00
   - 1.1699999999999999e+00
   - 1.1599999999999999e+00
   - 1.2000000000000000e+00
gear0offset:
   - 2.3000000044703484e-02
   - 2.3000000044703484e-02
   - 1.6722800210118294e-02
   - 0.
cameraExposure: 80
cameraGain: 15
cameraWhiteBalanceRed: 1124
cameraWhiteBalanceGreen: 1024
cameraWhiteBalanceBlue: 2048
