%YAML:1.0
rangeMap: !!opencv-matrix
   rows: 21
   cols: 21
   dt: d
   data: [ 1.4383156541404281e-03, 1.1812699384441535e-03,
       1.0705039234516001e-03, 1.1452906562661473e-03,
       1.3045518005179401e-03, 4.5626374104524924e-04,
       -1.3856367385937137e-04, -8.4793657595164478e-05,
       5.4084481864218082e-05, -3.5865633647534721e-04,
       -3.1450229958264750e-03, -4.7213431431708105e-03,
       -3.0086236112972248e-03, -1.2672870772911138e-03,
       -1.2903881141904697e-03, -1.3990820616783699e-03,
       -2.5723137377646182e-03, -2.8101893268819437e-03,
       -3.6206765773666217e-03, -3.7655429505515721e-03,
       -3.5870171452572477e-03, 1.6458940202680296e-03,
       1.7929064180593848e-03, 9.6305984894390459e-04,
       1.1355029777708888e-03, 7.7298571147045429e-04,
       8.6015754470586392e-04, 1.2909400182799890e-03,
       2.3659179515611356e-04, 6.4193083194628053e-05,
       -1.0668840888325389e-03, -3.5170017620557818e-03,
       -4.7023243486889440e-03, -3.3640534053173405e-03,
       -1.6739631404180104e-03, -1.3415446471014350e-03,
       -1.3836200536679517e-03, -2.2798026153361805e-03,
       -2.9219024589635066e-03, -4.0403884626716655e-03,
       -3.7584745241717567e-03, -3.4700789726080160e-03,
       1.7373211800133176e-03, 1.8198649758347468e-03,
       1.4163915463872626e-03, 1.0356171276069430e-03,
       6.1753852628739902e-04, 1.0989852476853219e-03,
       9.2114097583861194e-04, 1.1291124045390234e-05,
       -2.0512727052649960e-04, -1.1021332693289389e-03,
       -3.3165307498754029e-03, -4.2745212435041603e-03,
       -3.1466840491357331e-03, -1.2696229600027639e-03,
       -9.0669103159681257e-04, -1.3525597017141743e-03,
       -2.1061449814385367e-03, -3.1919018270312269e-03,
       -3.5700997530552564e-03, -3.7165656503447596e-03,
       -3.4559877194380063e-03, 2.2416276783237912e-03,
       2.4541235239587894e-03, 2.0509606217152844e-03,
       1.6066690844748956e-03, 8.2325581230080903e-04,
       8.7572420805395691e-04, 3.9198897873666812e-04,
       3.9684966421894429e-04, -2.0946089625387016e-05,
       -1.4959205570775486e-03, -3.4108592406819839e-03,
       -3.4681409268549480e-03, -2.0953666218658270e-03,
       -6.5328380881315669e-04, -1.0890879845848927e-03,
       -1.6809368819395787e-03, -2.1448226640117143e-03,
       -3.3543543872753398e-03, -3.3373828404776027e-03,
       -3.6023204869676259e-03, -3.2430069674843679e-03,
       2.3104691003004480e-03, 2.1579934125603955e-03,
       1.7249144297477193e-03, 1.4414478012856453e-03,
       7.7579083466100193e-04, 1.0422017859190119e-03,
       7.1587409763366821e-04, 1.0804117343102325e-03,
       2.7700786570077535e-04, -2.0073544803440920e-03,
       -3.2146084776728963e-03, -3.2544365729240267e-03,
       -1.6817401956773458e-03, -9.6361079590684612e-04,
       -1.5245659614142291e-03, -1.7120546120383911e-03,
       -2.4613032148415896e-03, -2.9018166550762005e-03,
       -3.1596705375577781e-03, -3.8916888076839799e-03,
       -3.6332656079235358e-03, 2.1846679893446092e-03,
       2.1769188958975262e-03, 2.0434089548300115e-03,
       2.3299320778583815e-03, 1.6670007487335186e-03,
       1.9194088087057227e-03, 1.1201900931999446e-03,
       1.1019173176386753e-03, 2.4308434437136784e-04,
       -1.8770136402935086e-03, -3.3245032716207163e-03,
       -3.2178086044339113e-03, -1.6048350057382174e-03,
       -9.3736887728407845e-04, -1.1196923268394698e-03,
       -1.3947391299704295e-03, -1.9791709030139476e-03,
       -2.6302234704402450e-03, -3.0259511045115490e-03,
       -3.7768364682816509e-03, -3.7146912208606470e-03,
       1.5171854044182527e-03, 1.9762695974844713e-03,
       2.0065960726961727e-03, 1.7529152830103967e-03,
       1.3406039497397338e-03, 2.1628608629608130e-03,
       1.4702599184996589e-03, 9.7725620535546822e-04,
       2.6952565570680792e-04, -1.4021750970761061e-03,
       -3.2215647465772780e-03, -3.3465260492613899e-03,
       -1.1527375914478950e-03, -9.5562590631936579e-04,
       -1.3721337946661866e-03, -1.3723296083269635e-03,
       -2.1582458866720535e-03, -2.4921513526561375e-03,
       -2.6459068154131337e-03, -3.3717768724812786e-03,
       -3.4682698257413186e-03, 2.0813239770425952e-03,
       2.1180203866123693e-03, 2.3558234105439265e-03,
       1.5535892785005752e-03, 1.1615388767437502e-03,
       2.2738794918802461e-03, 1.9124986600869466e-03,
       1.1299386200540132e-03, 6.6770955625592533e-05,
       -2.2526321137053460e-03, -3.6507662820902593e-03,
       -3.2849340585367703e-03, -9.0928433755818605e-04,
       -1.2047685672881801e-03, -1.3729452907514943e-03,
       -1.4861499874158797e-03, -1.9003584075782886e-03,
       -2.3097962909184762e-03, -2.7666669667453445e-03,
       -2.9772055518849589e-03, -2.7848063924383838e-03,
       2.8354163739071634e-03, 2.3423642515972218e-03,
       2.1775251541175746e-03, 1.7238533514080242e-03,
       1.4006941535874096e-03, 1.5025941191682095e-03,
       1.4036763082398815e-03, 9.6161835634948933e-04,
       -1.1766641106977518e-06, -2.6484210303709911e-03,
       -2.9329101629430253e-03, -2.0152318432685931e-03,
       -6.0386414724416398e-04, -9.3954981966664481e-04,
       -8.3651508369257460e-04, -1.1146261999821698e-03,
       -1.7604695348453308e-03, -2.4515840508504212e-03,
       -2.6358375558229322e-03, -3.2209965201567504e-03,
       -3.1927644019866803e-03, 2.5469919099687850e-03,
       2.3528993331773745e-03, 1.7134631386786696e-03,
       1.7434789110694416e-03, 2.3424990931204316e-03,
       1.7423859293059438e-03, 1.2271723774853614e-03,
       1.0731714255584395e-03, -3.3572253015651092e-04,
       -2.7013825410255685e-03, -2.6905321817310974e-03,
       -8.6338487263975107e-04, 3.5571136879852154e-04,
       -6.1662544400489403e-04, -1.4203064308961628e-03,
       -1.5062258767213105e-03, -1.8936852251555823e-03,
       -2.8158080178690694e-03, -2.7152680406481843e-03,
       -3.1854219150583164e-03, -3.3767648651294780e-03,
       1.8171723496226259e-03, 2.0026460623678416e-03,
       2.1133904779211264e-03, 1.8923403418770778e-03,
       2.1400249056735400e-03, 1.4493522290761536e-03,
       1.3063996874958695e-03, 1.4585737309638191e-03,
       6.4036202645352438e-05, -2.1869135076914709e-03,
       -2.8690506166551208e-03, -6.6708511559193694e-04,
       2.8101771227889493e-04, -4.1333304424897904e-04,
       -1.2163481992680540e-03, -1.2857922620194563e-03,
       -1.6390844412392162e-03, -2.2759771196145494e-03,
       -2.7236304096196948e-03, -3.1981726831881757e-03,
       -2.7459853796873200e-03, 3.0180069512581835e-03,
       2.8612952345127523e-03, 2.1123951315102250e-03,
       1.8926233053660542e-03, 1.4921453501422913e-03,
       1.0150749301238017e-03, 1.1234384840469016e-03,
       1.0555875884053463e-03, -8.7292666252467628e-05,
       -2.1026454750438872e-03, -2.5461759060152549e-03,
       -6.3113909699074515e-04, 4.2042325858924047e-05,
       -1.4545448146890890e-04, -8.4337378714644277e-04,
       -1.9432413412087334e-03, -1.6879040004610817e-03,
       -1.7218181142989149e-03, -2.6151442392849996e-03,
       -3.0963797532502710e-03, -2.3889175435324933e-03,
       2.8641245652785354e-03, 2.6669888232533421e-03,
       2.1223240756008672e-03, 2.1483040856375042e-03,
       2.2977032704840166e-03, 2.1520537110828494e-03,
       1.6033697397351008e-03, 8.8668412806572588e-04,
       -4.4172969749785057e-04, -2.4569540841879313e-03,
       -2.2102004739849618e-03, -9.9786610215628078e-05,
       5.1190527139282770e-04, 1.3601426634521715e-04,
       -6.3856729483146191e-04, -1.6837434869905589e-03,
       -1.1278325934107138e-03, -1.4949411063882936e-03,
       -2.1616108033109083e-03, -2.6370492021944528e-03,
       -1.8154237044679298e-03, 2.7085911426078307e-03,
       3.0164146253635745e-03, 2.6870207689092362e-03,
       2.3913659543958999e-03, 2.4921568101430318e-03,
       2.0960062318083543e-03, 1.3746421111758556e-03,
       8.4265743914202018e-04, -8.6803178996027104e-04,
