%YAML:1.0
graspZ:
   - -1.3499999999999998e-01
rangeMap: !!opencv-matrix
   rows: 21
   cols: 21
   dt: d
   data: [ 0., 0., 1.8535573270631277e+13, 1.9218724729143449e+13,
       1.9646761841069535e+13, 2.0333017084446566e+13,
       2.1702742553351699e+13, 2.3646097814678059e+13,
       2.5516321191528844e+13, 2.6658597943252293e+13,
       2.7006892947576781e+13, 2.7105660418200828e+13,
       2.7486100568264172e+13, 2.8086406134085801e+13,
       2.8386869295550531e+13, 0., 0., 0., 0., 0.,
       1.1933526872795639e+13, 1.1882683519702543e+13,
       1.1749975741121760e+13, 1.1561391444634105e+13,
       1.1429136650864914e+13, 1.1448774382178604e+13,
       1.1579561169527625e+13, 1.1660897112725520e+13,
       1.1564109353621447e+13, 1.1324539097706641e+13,
       1.1109069312560342e+13, 1.1036675625485898e+13,
       1.1021618074121496e+13, 1.0813370880503359e+13,
       1.0224985526684789e+13, 9.3326473505059902e+12,
       8.6121361346636729e+12, 8.2767050607780010e+12,
       8.0527837530670547e+12, 7.8338788329549941e+12,
       7.5401685009920654e+12, 7.2156552004369180e+12,
       6.9967628632174316e+12, 6.9833159245652139e+12,
       7.1376075915288760e+12, 7.3085883941317354e+12,
       7.3624977834722041e+12, 7.3050651787971689e+12,
       7.2808137130544209e+12, 7.4395723137712041e+12,
       7.7915624998169932e+12, 8.1963421960383672e+12,
       8.4983111126038301e+12, 8.6699462266413389e+12,
       8.8541024296697109e+12, 9.4164663214767402e+12,
       1.0332753973489695e+13, 1.1467615195622975e+13,
       1.2582637359859561e+13, 1.3514880144356400e+13,
       1.4257179677861512e+13, 1.4896827815235688e+13,
       1.5483015353810568e+13, 1.5949531010640551e+13,
       1.6175184565924143e+13, 1.6127772153527434e+13,
       1.5938290275990041e+13, 1.5816596739692102e+13,
       1.5887144932964975e+13, 1.6101616473737873e+13,
       1.6304293631679123e+13, 1.6392843777761812e+13,
       1.6432278623980352e+13, 1.6597785859839230e+13,
       1.6971330574142801e+13, 1.7404048529316043e+13,
       1.7670892335087484e+13, 1.7548894623751311e+13,
       1.7342895577052814e+13, 1.7330824370107041e+13,
       1.7759861911490430e+13, 1.8927036051624676e+13,
       2.0019702575551824e+13, 2.0666548138638621e+13,
       2.0990113526516602e+13, 2.1499453027140723e+13,
       2.2641327125501590e+13, 2.4360270345557402e+13,
       2.6069784770297910e+13, 2.7140406032458332e+13,
       2.7482476689638996e+13, 2.7593776740617090e+13,
       2.7974451771706367e+13, 2.8562711296438246e+13,
       2.8855977032236211e+13, 0., 0., 0., 0., 0.,
       1.1853231117001379e+13, 1.1790140396226666e+13,
       1.1643524305578441e+13, 1.1451936887424520e+13,
       1.1334429266520592e+13, 1.1386983895631906e+13,
       1.1563069166190303e+13, 1.1690064302743191e+13,
       1.1627711779488668e+13, 1.1410899817084297e+13,
       1.1219488559686971e+13, 1.1186043179563609e+13,
       1.1225620632114305e+13, 1.1076546679341803e+13,
       1.0542142018016545e+13, 9.7004290911296973e+12,
       8.8530622424113027e+12, 8.5234056335033115e+12,
       8.3349891091607119e+12, 8.1439469505282930e+12,
       7.8640065186023066e+12, 7.5388640724486240e+12,
       7.3079214998355684e+12, 7.2741531582994883e+12,
       7.4050196374178350e+12, 7.5593448588316865e+12,
       7.6140973032740684e+12, 7.5780724262177061e+12,
       7.5876354393297549e+12, 7.7791305827746660e+12,
       8.1529772869709824e+12, 8.5666237418519023e+12,
       8.9370993172201953e+12, 9.2549185086199141e+12,
       9.5106955552059102e+12, 9.9848783997002676e+12,
       1.0792684573033613e+13, 1.1830221165125889e+13,
       1.2889559749440014e+13, 1.3816391881769904e+13,
       1.4586684200174404e+13, 1.5259685442964531e+13,
       1.5861467403817615e+13, 1.6314821334696020e+13,
       1.6500201182965154e+13, 1.6400074757885018e+13,
       1.6169010550479928e+13, 1.6036319549087516e+13,
       1.6127461775001797e+13, 1.6376402106053779e+13,
       1.6606518400770717e+13, 1.6708062500650045e+13,
       1.6755508467510594e+13, 1.6937851639628061e+13,
       1.7340328662929090e+13, 1.8017375399931496e+13,
       1.8523225239728461e+13, 1.8400432795865980e+13,
       1.8043094872207707e+13, 1.8094600925275453e+13,
       1.8865228787898707e+13, 2.0090938634673797e+13,
       2.1204190802642441e+13, 2.1826457744288961e+13,
       2.2070549459963191e+13, 2.2436678644785445e+13,
       2.3385748976834266e+13, 2.4910730802667254e+13,
       2.6484685322087898e+13, 2.7506518440098805e+13,
       2.7863537596732840e+13, 2.8003174365541418e+13,
       2.8391030045083305e+13, 2.8967092533782074e+13,
       2.9251919329928945e+13, 0., 0., 0., 0., 0.,
       1.1787271492282285e+13, 1.1716647801522578e+13,
       1.1561894761112271e+13, 1.1369636254317125e+13,
       1.1263763632710396e+13, 1.1340662002241949e+13,
       1.1549420900967191e+13, 1.1708385022615908e+13,
       1.1668782404263908e+13, 1.1465719370375613e+13,
       1.1289046897237238e+13, 1.1281404875326412e+13,
       1.1358378742348615e+13, 1.1250283139665518e+13,
       1.0753325224461492e+13, 9.9464669638229121e+12,
       9.1377548207768887e+12, 8.6884514959390146e+12,
       8.5231959182899033e+12, 8.3500634377424258e+12,
       8.0788891011796045e+12, 7.7532055898108379e+12,
       7.5140799300927207e+12, 7.4660174005219688e+12,
       7.5798340338765186e+12, 7.7215427888546621e+12,
       7.7759932434073643e+12, 7.7540150904486680e+12,
       7.7857491945092080e+12, 7.9976202667913438e+12,
       8.3836849785435479e+12, 8.8063293070445410e+12,
       9.4027173929772969e+12, 9.7061333444390430e+12,
       9.9292870945078340e+12, 1.0346595176751789e+13,
       1.1081017807285504e+13, 1.2050388570752564e+13,
       1.3068891411309518e+13, 1.3989348201553982e+13,
       1.4777415980312297e+13, 1.5473905325507775e+13,
       1.6088958064221504e+13, 1.6536758736604930e+13,
       1.6698122000166479e+13, 1.6565514884903332e+13,
       1.6310568310515162e+13, 1.6176140867263531e+13,
       1.6287432529596211e+13, 1.6564340479726316e+13,
       1.6814446827313182e+13, 1.6923129632603604e+13,
       1.6972479813480869e+13, 1.7162280458111182e+13,
       1.7580796499911012e+13, 1.8536160473199941e+13,
       1.9073400484141145e+13, 1.8977820684637199e+13,
       1.8655933018393875e+13, 1.8756311101679520e+13,
       1.9578596012378957e+13, 2.0842037817948883e+13,
       2.1969533842307719e+13, 2.2578546783314492e+13,
       2.2774034904229820e+13, 2.3047805514955785e+13,
       2.3868093936962270e+13, 2.5261173290571629e+13,
       2.6744044304301184e+13, 2.7737574258906109e+13,
       2.8112410818931887e+13, 2.8277683173794645e+13,
       2.8672216185308668e+13, 2.9238346562134602e+13,
       2.9516261145286934e+13, 0., 0., 0., 0., 0.,
       1.1762013393588496e+13, 1.1688873120428449e+13,
       1.1531402171025443e+13, 1.1339135275621910e+13,
       1.1237616341567666e+13, 1.1323473744444783e+13,
       1.1544169632356529e+13, 1.1714668090008096e+13,
       1.1683043037866428e+13, 1.1484576961163527e+13,
       1.1312870543962135e+13, 1.1314304995908873e+13,
       1.1404633526869734e+13, 1.1311192822365996e+13,
       1.0827623125533279e+13, 1.0033247113601664e+13,
       9.2382000129906230e+12, 8.7466222981276074e+12,
       8.5893946183364072e+12, 8.4224193760626357e+12,
       8.1542355782528994e+12, 7.8283591289004453e+12,
       7.5863100392939512e+12, 7.5330885158022441e+12,
       7.6406682191074092e+12, 7.7776835479081875e+12,
       7.8318739556122471e+12, 7.8147947497261191e+12,
       7.8542254016282295e+12, 8.0730128812081631e+12,
       8.4629531298576504e+12, 8.9668872642018262e+12,
       9.5619163956385938e+12, 9.8607270013076953e+12,
       1.0073051058446803e+13, 1.0470754963791234e+13,
       1.1179214852559480e+13, 1.2124141212308404e+13,
       1.3127653610364592e+13, 1.4045400880223014e+13,
       1.4839575565605893e+13, 1.5544579347923264e+13,
       1.6164782691950719e+13, 1.6611274741486646e+13,
