%YAML:1.0
grasps:
   size: 0
   graspPoses:
      []
placeUnderPoints:
   size: 1
   pupPoses:
      - { px:9.1535209430257305e-03, py:-1.0917789104637705e-02,
          pz:-2.0780564145431732e-01, qw:9.9999982118606567e-01,
          qx:-1.3402866898104548e-04, qy:-2.3210560902953148e-04,
          qz:3.6558136343955994e-04 }
placeOverPoints:
   size: 1
   popPoses:
      - { px:9.1535209430257305e-03, py:-1.0917789104637705e-02,
          pz:-2.0780564145431732e-01, qw:9.9999982118606567e-01,
          qx:-1.3402866898104548e-04, qy:-2.3210560902953148e-04,
          qz:3.6558136343955994e-04 }
