%YAML:1.0
grasps:
   size: 0
   graspPoses:
      []
placeUnderPoints:
   size: 1
   pupPoses:
      - { px:2.8908741425557535e-02, py:2.0781077428111503e-02,
          pz:-1.4881533660800106e-01, qw:9.9999994039535522e-01,
          qx:-9.3007314717397094e-05, qy:-1.3165201380616054e-05,
          qz:3.7204101681709290e-04 }
placeOverPoints:
   size: 1
   popPoses:
      - { px:2.8908741425557535e-02, py:2.0781077428111503e-02,
          pz:-1.4881533660800106e-01, qw:9.9999994039535522e-01,
          qx:-9.3007314717397094e-05, qy:-1.3165201380616054e-05,
          qz:3.7204101681709290e-04 }
