%YAML:1.0
rangeMap: !!opencv-matrix
   rows: 21
   cols: 21
   dt: d
   data: [ 1.9952878790157245e-03, 1.8905492278545627e-03,
       2.1151642897270641e-03, 1.3508313838816947e-03,
       3.9842731602677639e-04, -5.8544733832256658e-04,
       -7.5966200379792067e-04, -6.9894406777177643e-04,
       -9.5660898942174089e-04, -1.8609374823836938e-03,
       -1.8465400980016012e-03, 3.9614225908295495e-04,
       -1.0502189933778248e-03, 3.4453932109769158e-03,
       1.7525142025210286e-02, 3.4018017752008652e-03,
       -3.3835101335075806e-03, -4.1580284759292372e-03,
       -4.3469796939765055e-03, -4.7319987382657474e-03,
       -4.1741887203865435e-03, 1.8874451700409862e-03,
       2.0113366401166492e-03, 2.0351543277503364e-03,
       8.9907135555866767e-04, 1.6543491712566282e-04,
       1.1305174137943676e-04, -2.9738329331259705e-04,
       -9.2554732245833746e-05, -6.6587159183338184e-04,
       -3.7052383831197170e-04, -4.5505593524906217e-04,
       9.4812130676467129e-04, -4.2299021059894375e-03,
       3.5932509535692081e-03, 1.5166458945483720e-02,
       2.1059003878420566e-03, -3.1381192319922886e-03,
       -4.1037462241345054e-03, -3.8783695551892986e-03,
       -4.1778771404769538e-03, -4.0603914096713810e-03,
       2.6144637392332463e-03, 2.3656640133818819e-03,
       2.2069600019529894e-03, 1.7179997136264396e-03,
       7.5202972758225018e-04, 2.4620360110056241e-04,
       7.2912057905877195e-04, 6.0360524018471793e-04,
       -1.1133176806585980e-04, -1.2142936415475835e-03,
       -5.2319239686643296e-03, 2.2877514219993834e-04,
       4.4902227196996926e-04, 3.3851388881574935e-03,
       1.2910917064694976e-02, 4.0600515207935926e-03,
       -2.6013998563875580e-03, -3.4658741351727522e-03,
       -3.4631703019442159e-03, -4.5313124353301027e-03,
       -4.7443603416131366e-03, 2.7687570905140031e-03,
       2.3329657365527183e-03, 2.4789872014728672e-03,
       1.8763087827997976e-03, 1.3822270057981742e-03,
       7.1007210052611669e-04, 8.5966018683322721e-04,
       5.3749551948921708e-04, -1.8391915565269925e-04,
       -1.4287680187889974e-03, -4.7547535988352145e-03,
       -3.2232333108875013e-03, -2.9030720066342262e-03,
       8.2892112911033215e-03, 1.6470618085699502e-02,
       8.3166326155845079e-03, -1.8448001363929616e-03,
       -3.1796589560715498e-03, -3.0804857204907820e-03,
       -4.0353023560273623e-03, -4.0543768570366536e-03,
       2.9122551561898201e-03, 2.6803448913775112e-03,
       2.7570302855912422e-03, 1.9081908962594934e-03,
       1.9667139919666387e-03, 1.8003926861139483e-03,
       1.0109453010753618e-03, 2.6697289148907433e-04,
       6.9454127149409033e-05, -9.1101512372236616e-04,
       -4.6505612540012758e-03, -8.0563112495523714e-04,
       5.5781295536936875e-03, 1.4099974654122265e-02,
       2.0288783878089710e-02, 7.1650018480903417e-03,
       -8.0651409798527043e-04, -2.1443373080253375e-03,
       -2.3581257657968530e-03, -3.0323211325851023e-03,
       -2.5035789276205600e-03, 3.0542506682595880e-03,
       3.0419445411632067e-03, 2.5200964248645974e-03,
       1.9588942776408175e-03, 1.8801314610126607e-03,
       1.4965953279177842e-03, 8.9569114535030081e-04,
       8.9611159321380631e-04, 1.0686548962261617e-03,
       -2.0930580518630673e-03, -8.4654647514973112e-03,
       -5.2895168857920710e-03, 2.1878695568645332e-04,
       9.3692627564605988e-03, 1.6725071563279501e-02,
       7.5929345680737521e-03, -5.2236817282208395e-04,
       -1.8724008668168798e-03, -2.3815939242509579e-03,
       -2.9974370653298292e-03, -2.9151023075750120e-03,
       3.1540695601120767e-03, 2.9582243714854346e-03,
       2.4136918187016914e-03, 1.3229489546481791e-03,
       1.3463906177558927e-03, 1.8100001510950809e-03,
       1.4699763416434238e-03, 1.4831240463733465e-03,
       1.0482221515450236e-03, -1.6563588293923635e-03,
       -6.5660977600875510e-03, -9.4239356715379585e-03,
       -8.6679700367322445e-03, 7.5990633912735887e-03,
       1.6378405723505195e-02, 5.2933622035040767e-03,
       -1.0438437676644273e-03, -2.0435977588352059e-03,
       -2.3952903221242882e-03, -2.9244855961952005e-03,
       -2.5315569777602707e-03, 2.5749710429179879e-03,
       2.5346152783929199e-03, 2.3601925471527438e-03,
       1.5129552693453044e-03, 1.5145853951882185e-03,
       1.2821531915423949e-03, 1.0897734664188795e-03,
       5.6423878162316474e-04, -7.3124734073327002e-04,
       -1.8943122659457754e-03, -8.3515020362193680e-03,
       -1.2843016651495821e-02, -7.8698471722345748e-03,
       7.1433285138944522e-03, 1.4599589275288843e-02,
       4.2465275103712790e-03, -3.4593918903567418e-04,
       -1.3411976231850705e-03, -2.2766946535548852e-03,
       -3.0698930395155026e-03, -2.8558893186039522e-03,
       3.0587003319293218e-03, 2.6912092239026069e-03,
       2.6811978130146176e-03, 2.3587144000387565e-03,
       2.1883844183374968e-03, 1.3522463082008590e-03,
       1.2302606466105079e-03, 1.1643162216231049e-03,
       -4.2600841508232525e-04, -1.6712356983785426e-03,
       -7.3193336123772764e-03, -9.9958384514837583e-04,
       2.1084984661326809e-03, 8.0797615052455949e-03,
       1.4923687754281413e-02, 5.9045867599679608e-03,
       5.3361599770917686e-04, -8.8595238087932978e-04,
       -2.3041234784922692e-03, -3.1163562801247093e-03,
       -2.4699885635911518e-03, 3.3119274414653435e-03,
       2.8135127140699661e-03, 2.8280149895087018e-03,
       2.4579943085619722e-03, 2.0240552537767456e-03,
       2.0210404675091694e-03, 1.4348705027486222e-03,
       -7.5882629940791989e-04, 1.3064680965118292e-03,
       -1.4247891731997051e-03, -8.8535358343587289e-03,
       -4.1978768593717054e-03, 2.1859677451916363e-03,
       1.2125836013436388e-02, 1.6911925557661540e-02,
       4.5719780764713388e-03, 6.7552816051605769e-04,
       -1.2169018930710635e-03, -2.4134944914014659e-03,
       -3.5351270223823819e-03, -2.3534077900252493e-03,
       3.2350564800826924e-03, 2.8837131308055760e-03,
       3.3475443034407509e-03, 3.1918711707786813e-03,
       2.5807172557178815e-03, 2.5786174053458949e-03,
       1.7421190799749144e-03, -4.8245427476327898e-05,
       1.7884896975561130e-03, -9.2178016965194015e-04,
       8.0426747336681678e-04, 8.1348516642847247e-03,
       1.3936486639613537e-02, -1.2193559185589165e-03,
       -2.6250911573370761e-03, 1.5672822186324508e-03,
       7.7977745356012061e-04, -8.3856276032450892e-04,
       -1.6540547704475383e-03, -2.2002002764613003e-03,
       -2.5896404788091536e-03, 3.3849605502838326e-03,
       3.1848287690513476e-03, 3.3421050569377212e-03,
       2.6089458440272714e-03, 2.0314270813309126e-03,
       1.8902121428614291e-03, 2.0630892660215426e-03,
       1.9290585379042918e-03, 4.2819213773745779e-03,
       7.6759112756566127e-03, 8.5799722915607928e-03,
       1.8575423281869924e-02, 1.7028620398569082e-02,
       -1.5176374402125744e-03, -9.3601951630115018e-03,
       9.3881115788803599e-04, 4.1318015155368992e-04,
       -2.0395549855571407e-04, -1.2542841051203719e-03,
       -1.6173476375775473e-03, -2.9726666743496491e-03,
       3.5768341157957385e-03, 3.5165199349804044e-03,
       3.2488511345423296e-03, 2.6650655411769811e-03,
       2.2493827868664638e-03, 2.0579545753357017e-03,
       2.2268704733965769e-03, 1.7007037746841298e-03,
       1.5173610376463553e-03, -5.4312142956103680e-03,
       2.1259961592180066e-03, 1.1159548205491832e-02,
       1.5923302649741893e-02, 1.4831012389469100e-02,
       6.9088238302271896e-03, 4.5348273352697459e-03,
       1.6334356877702328e-03, 4.8985541073874931e-04,
       -6.0495849281227358e-04, -2.1484837467370625e-03,
       -3.1403052458295806e-03, 3.5632647481157586e-03,
       3.6054239307592023e-03, 3.0203345717226826e-03,
       2.9468123959467164e-03, 2.5197867244830933e-03,
       2.0762437645193733e-03, 2.0917843435790547e-03,
       3.1125762844972892e-03, 3.3240122994022637e-03,
       -7.1869556802166374e-03, 8.9807186116415684e-05,
