%YAML:1.0
rangeMap: !!opencv-matrix
   rows: 21
   cols: 21
   dt: d
   data: [ -2.3371411057171304e-02, -2.3000311186426065e-02,
       -2.2943077163819586e-02, -2.2807717401713442e-02,
       -2.2211538738906900e-02, -2.2051962169862997e-02,
       -2.2993528683175665e-02, -2.2838013312992358e-02,
       -2.4138497020068778e-02, -2.5074116764036262e-02,
       -2.5774010560173862e-02, -2.6057826543507644e-02,
       -2.5813975853351344e-02, -2.5648177665265937e-02,
       -2.6043612959097441e-02, -2.6330108418037290e-02,
       -2.6525129798288055e-02, -2.6961356250666823e-02,
       -2.7028882773544472e-02, -2.6933567015130628e-02,
       -2.7701529512340280e-02, -2.3386714459140440e-02,
       -2.3585207634068316e-02, -2.3903304350688180e-02,
       -2.3663841692192725e-02, -2.3598586548694643e-02,
       -2.3061203437143286e-02, -2.3400093873620118e-02,
       -2.3807095171189917e-02, -2.4508336606564120e-02,
       -2.5522024582991739e-02, -2.6074801580477067e-02,
       -2.6314680080346261e-02, -2.5941421471212318e-02,
       -2.5941087813975833e-02, -2.6170809906529192e-02,
       -2.6323089826545850e-02, -2.6494966259710987e-02,
       -2.7312368344358934e-02, -2.7308746576808259e-02,
       -2.6876168207630433e-02, -2.7572464211707035e-02,
       -1.9342466572313040e-02, -2.0300966224589496e-02,
       -2.3050140406507071e-02, -2.4188374676883548e-02,
       -2.3857290074513898e-02, -2.3476415680959976e-02,
       -2.4072858443532383e-02, -2.4716847391251989e-02,
       -2.5085073221590690e-02, -2.5264593951186156e-02,
       -2.5865691968329038e-02, -2.6127242149901590e-02,
       -2.6424326268911426e-02, -2.6286263997299195e-02,
       -2.6490230743417598e-02, -2.6340986935348750e-02,
       -2.6377907541378462e-02, -2.6934432078208809e-02,
       -2.7248179140219667e-02, -2.7097108420577755e-02,
       -2.7331707986015426e-02, -1.8480172147356567e-02,
       -1.9510712027807124e-02, -2.2059109078246625e-02,
       -2.2987052343916771e-02, -2.4193333711037251e-02,
       -2.5256740382292975e-02, -2.7287821069567161e-02,
       -2.9437895681913170e-02, -2.9644638117940526e-02,
       -2.8500031455687781e-02, -2.7334254554753853e-02,
       -2.6389500281792096e-02, -2.6082098860199146e-02,
       -2.6223290965631169e-02, -2.6886681952356790e-02,
       -2.6582173459071580e-02, -2.6235656807839226e-02,
       -2.6907946837946110e-02, -2.7222728821770313e-02,
       -2.7093893415710252e-02, -2.7656267073843430e-02,
       -1.8227840278573049e-02, -1.9828108619237114e-02,
       -2.1980609321162782e-02, -2.3795507942464468e-02,
       -2.8165437799826439e-02, -3.5316923377159880e-02,
       -4.4589420559322773e-02, -4.7995885799178073e-02,
       -4.8944298899418891e-02, -4.7888730139821305e-02,
       -4.2023835176698852e-02, -3.2957477906738884e-02,
       -2.7294532116568446e-02, -2.6199897539283139e-02,
       -2.6501011338720584e-02, -2.6341529168764463e-02,
       -2.6184281170511286e-02, -2.6857294020114910e-02,
       -2.6858018062354678e-02, -2.7222762317446622e-02,
       -2.8260996219659190e-02, -1.7419990472443189e-02,
       -2.0587548076043766e-02, -2.4364205348534278e-02,
       -3.2275997312704495e-02, -4.4657008296384665e-02,
       -5.1861739917839218e-02, -5.2126432881519774e-02,
       -4.6114758822632364e-02, -4.3498967202876430e-02,
       -4.9427139026012042e-02, -5.3551430731241252e-02,
       -5.1178668608308719e-02, -3.8231433789259389e-02,
       -2.8149273878346676e-02, -2.6243347142770612e-02,
       -2.5930732192904128e-02, -2.6022549503109449e-02,
       -2.6806810191338806e-02, -2.6855314303485592e-02,
       -2.7426910943603902e-02, -2.8293689630247379e-02,
       -2.0353032603494577e-02, -2.2860576601687058e-02,
       -3.0088011212002667e-02, -4.6598676935427692e-02,
       -5.4364066848964880e-02, -4.6468416767182774e-02,
       -3.7048294076571286e-02, -3.2536416969209878e-02,
       -3.1995360430590675e-02, -3.4936108338741598e-02,
       -3.9357185095577778e-02, -4.8618663556398767e-02,
       -5.2042399863589960e-02, -3.8362549750065159e-02,
       -2.7342441221618413e-02, -2.5615923269427281e-02,
       -2.6022431186218640e-02, -2.6843763533399428e-02,
       -2.6792556244311698e-02, -2.7211094188536580e-02,
       -2.7830103200709146e-02, -2.5684666449249560e-02,
       -2.9558977065926001e-02, -4.2696691219024592e-02,
       -5.3175928848790924e-02, -4.4838846422349692e-02,
       -3.4839106178892194e-02, -3.1206184184845540e-02,
       -3.2092994696377539e-02, -3.2974759467965867e-02,
       -3.1139396820978989e-02, -3.1232839372785218e-02,
       -3.6028130168227403e-02, -4.9490482876552389e-02,
       -4.9773422095830300e-02, -3.1680742203458317e-02,
       -2.5645718524989522e-02, -2.5993718178858607e-02,
       -2.6777440035520045e-02, -2.6718754937894492e-02,
       -2.6818351113090180e-02, -2.7727119802336428e-02,
       -2.8603886365511397e-02, -3.5631629496398233e-02,
       -5.1269323400319401e-02, -4.7000864429658853e-02,
       -3.5995555697641637e-02, -3.0779763074950464e-02,
       -3.1952467660874645e-02, -3.5729256027580092e-02,
       -3.6975120107144349e-02, -3.5192778525842600e-02,
       -3.2701155066607861e-02, -3.1464040396685308e-02,
       -3.9665648998882252e-02, -5.2600698602431509e-02,
       -3.8672857754978862e-02, -2.6604022612063277e-02,
       -2.5807194321622314e-02, -2.6694362272522743e-02,
       -2.6516618895255740e-02, -2.6604671951124977e-02,
       -2.7742266256015512e-02, -3.5058714452478441e-02,
       -4.4055816956153473e-02, -5.1393919986301002e-02,
       -3.8724616328621404e-02, -3.2052090489169738e-02,
       -2.8885721307329467e-02, -3.0643326850171456e-02,
       -3.4222655628314162e-02, -3.5797141280089748e-02,
       -3.4742418962589193e-02, -3.2762513345770308e-02,
       -3.0854984287503884e-02, -3.4521614464653932e-02,
       -4.9177318133145374e-02, -4.5100181940738865e-02,
       -2.7940853622128222e-02, -2.5819473260868166e-02,
       -2.6759168508362283e-02, -2.6571793172987995e-02,
       -2.6580004304562411e-02, -2.7673970336952947e-02,
       -4.2069298317037693e-02, -5.0988500325226921e-02,
       -4.8951750925099395e-02, -3.6632411196468199e-02,
       -3.0196308947479267e-02, -2.7988073423358580e-02,
       -2.9616763054277094e-02, -3.3132951334178415e-02,
       -3.4012736709781353e-02, -3.2627421354245262e-02,
       -2.9778484805658124e-02, -2.9417723542456722e-02,
       -3.3459048851606187e-02, -4.7182168833366817e-02,
       -4.8132544169897595e-02, -2.8968710806076409e-02,
       -2.5682225207767265e-02, -2.6420851530426344e-02,
       -2.6246441201133407e-02, -2.6580072126507603e-02,
       -2.7584008029154890e-02, -4.0550249727900424e-02,
       -5.0336580690795260e-02, -4.7984505885553946e-02,
       -3.5792832756990862e-02, -2.9478624805236456e-02,
       -2.9432847247276267e-02, -3.1301292863051437e-02,
       -3.2995144313021439e-02, -3.3214687484076973e-02,
       -3.0897325267459391e-02, -2.7664059547137770e-02,
       -2.8692558866015298e-02, -3.4472166392997938e-02,
       -4.8554164385903376e-02, -4.7923211133328210e-02,
       -2.8994099846687712e-02, -2.5907648568972031e-02,
       -2.6342885418772655e-02, -2.6443438306092332e-02,
       -2.6568799883953002e-02, -2.7368248936999108e-02,
       -3.9581786910335752e-02, -4.8367950336919041e-02,
       -4.8959387058620081e-02, -3.7453078673182733e-02,
       -2.9650782941785882e-02, -3.0747621444658767e-02,
       -3.2510787133986654e-02, -3.2849674348897941e-02,
       -3.1535598170196348e-02, -3.0009926861976063e-02,
       -2.9047697707300410e-02, -3.1528514343056951e-02,
       -3.8196015695132798e-02, -5.1805000522029875e-02,
       -4.5315975449989242e-02, -2.8182051807978888e-02,
       -2.5767397012559701e-02, -2.6417718254769809e-02,
       -2.6053372080927367e-02, -2.6256990381981225e-02,
       -2.7448814299244909e-02, -3.1477342213513892e-02,
       -4.1785358933386502e-02, -4.9713536535037767e-02,
       -4.4998371650937424e-02, -3.1185303079260939e-02,
