%YAML:1.0
rangeMap: !!opencv-matrix
   rows: 21
   cols: 21
   dt: d
   data: [ 7.3763220969336194e-03, 7.1345465333776340e-03,
       6.7670969988830381e-03, 6.8196385422779780e-03,
       6.5611232918847380e-03, 6.4256658901365319e-03,
       6.6136666228236033e-03, 6.4863999544918600e-03,
       6.0302160348673578e-03, 5.0239701264272636e-03,
       4.7695387786302655e-03, 6.3343882888936363e-03,
       6.0607995465323285e-03, 5.0652531273019446e-03,
       5.0108657356721159e-03, 4.9046246214935500e-03,
       4.5616454741237069e-03, 4.2115226178775309e-03,
       3.9081121782910989e-03, 4.5102711264368789e-03,
       4.0960438142140744e-03, 7.6872000878990734e-03,
       7.3571590724820666e-03, 6.3024272208649776e-03,
       6.6049398957890235e-03, 6.8184933541426311e-03,
       6.6581939434510757e-03, 6.6153998513550326e-03,
       5.9959326073449710e-03, 5.2729945252067388e-03,
       3.3622823235330739e-03, 2.9921442067525213e-03,
       4.1500143698083468e-03, 4.6267999586568128e-03,
       4.7673008824326299e-03, 4.4197591267752271e-03,
       4.7411796459182684e-03, 4.7050628089972801e-03,
       4.5796735213372609e-03, 4.4798079199492623e-03,
       4.4212170689772829e-03, 4.0136391634170250e-03,
       7.2817087909541611e-03, 6.6935953363166188e-03,
       6.5986841661820330e-03, 6.6805096549189154e-03,
       7.1571611779514032e-03, 6.2762836920250203e-03,
       4.6862891082734889e-03, 4.2167219819741926e-03,
       4.7507881319694767e-03, 4.3920647978404528e-03,
       5.4580358815933512e-03, 4.6023352410937265e-03,
       4.4570114110092842e-03, 4.6673422374053442e-03,
       5.0190178560841668e-03, 4.9557048389571208e-03,
       4.7244807586256151e-03, 4.4298297746298201e-03,
       4.3172911358077002e-03, 4.2468679412747566e-03,
       4.0010935982736744e-03, 6.8453856939908629e-03,
       6.4444378184168429e-03, 6.7071794559280737e-03,
       6.8092022269424695e-03, 6.5691291043906688e-03,
       4.6160021694090347e-03, 3.2312943163854075e-03,
       3.2857592672616361e-03, 3.0428603343112038e-03,
       2.9915996599222837e-03, 4.3945121512762387e-03,
       4.4754519019783393e-03, 3.5667250731240903e-03,
       4.0744457415764664e-03, 4.4888881393567847e-03,
       4.5521122076458871e-03, 4.3526065738567522e-03,
       4.2318755194798675e-03, 3.8673210436245740e-03,
       3.7312656997714358e-03, 3.6602340387567856e-03,
       6.3823469511808196e-03, 6.5441949673769803e-03,
       6.6745308179367484e-03, 6.5140049290364523e-03,
       5.8467180962712938e-03, 4.8684763692075309e-03,
       7.1737721047498001e-03, 6.6174402264094793e-03,
       3.1204264298033066e-03, 2.9756093387648857e-03,
       5.7925127042515378e-03, 5.3082498732093079e-03,
       3.9933328305412933e-03, 4.4620477109821553e-03,
       4.3385990987308215e-03, 4.2262232628676507e-03,
       4.2118697977294069e-03, 3.6969939728401977e-03,
       3.1211919567866158e-03, 3.1213307831930693e-03,
       2.9316054358475151e-03, 5.6627771643354722e-03,
       5.5049168009228015e-03, 5.8700157380506789e-03,
       5.8725108233167247e-03, 5.4753750533780149e-03,
       4.6340654675120097e-03, 4.6340785134219541e-03,
       4.6365863696765392e-03, 3.3297398616999527e-03,
       2.7707193352017063e-03, 3.2647949646485075e-03,
       3.6910565299959133e-03, 4.3155427607836231e-03,
       5.1430394288490919e-03, 4.5029945162195746e-03,
       3.9402544605919628e-03, 4.1142230050715605e-03,
       3.5169423290086713e-03, 3.6296559893304746e-03,
       3.3472522818634005e-03, 2.9599947139195850e-03,
       5.6541437234317819e-03, 5.9403903209082265e-03,
       6.1115085064351810e-03, 5.8063425017333336e-03,
       5.6261121795765324e-03, 4.5833604953147596e-03,
       2.6809386399399954e-03, 1.4317789434708371e-03,
       2.4407754506117242e-03, 1.7670150515335012e-03,
       2.3091899751622740e-03, 2.8961798139926702e-03,
       4.2486232568707668e-03, 5.4379908781239288e-03,
       5.7014581808364174e-03, 4.4392017549266744e-03,
       3.9328575826832650e-03, 3.6702720274921544e-03,
       3.7046360293847246e-03, 3.2446954279213708e-03,
       2.4552333548316031e-03, 7.1270870115369344e-03,
       6.4519680218797539e-03, 5.5963271699237989e-03,
       5.2450771074499369e-03, 5.3341062450387011e-03,
       5.1410569818416633e-03, 4.6494613185801203e-03,
       3.5814857812639426e-03, 3.3982481181166540e-03,
       2.9380533406373347e-03, 3.3023003428351281e-03,
       4.4076456065434031e-03, 4.3702134007841589e-03,
       2.3647121393075661e-03, 2.3579197044440408e-03,
       3.4380471645120122e-03, 3.6165504132789012e-03,
       3.3580826984849774e-03, 3.7293879813128060e-03,
       3.1981357481040444e-03, 2.3634947300987578e-03,
       6.3177448619474077e-03, 5.4776217833683426e-03,
       5.6371696484276788e-03, 5.5528496854363027e-03,
       5.4298814394576388e-03, 4.8897516880410203e-03,
       4.6654393348186524e-03, 2.7632604744907961e-03,
       -4.0515633806365047e-04, 2.4402264506530806e-03,
       4.8593148094590961e-03, 3.6333108231562873e-03,
       2.1439862972776938e-03, 1.3886863329232724e-03,
       3.0216547973740213e-03, 2.6004533531647578e-03,
       3.1328994013452164e-03, 4.3762523648488583e-03,
       4.2913133190273373e-03, 3.2622057605679118e-03,
       2.7996235490425660e-03, 5.7893133472735744e-03,
       5.4201166276140623e-03, 5.5839456232042659e-03,
       5.5940533175896151e-03, 5.0458535117594789e-03,
       4.3515114310028582e-03, 4.0183548062109505e-03,
       2.5785129694874355e-03, -2.5173145036668757e-03,
       -3.0227969269324339e-03, -2.0497867870940116e-03,
       -9.0686044794478261e-04, 1.2011032506872045e-03,
       3.1940629050925084e-03, 3.2729845725315110e-03,
       1.8985008975089446e-03, 3.7265874163358065e-03,
       4.7907041955947693e-03, 4.1898180390419091e-03,
       3.2298498912261605e-03, 2.9914896511013850e-03,
       5.8149667710253160e-03, 5.8898279202535247e-03,
       5.1032532387461482e-03, 5.3280316592379902e-03,
       4.5594993500961030e-03, 4.2757316214694007e-03,
       4.2646929461830655e-03, 1.9604587942456263e-03,
       -1.7806056204861234e-03, -3.6091319843322652e-03,
       -2.4030590574759211e-03, 1.6992231780595763e-03,
       3.2200304918463410e-03, 3.1523823290797652e-03,
       1.0620632117379499e-03, 1.6103848933196954e-03,
       3.6756062946164728e-03, 3.5565544357775195e-03,
       3.3134958293420118e-03, 3.5807379012788403e-03,
       2.7061823073739749e-03, 5.3099633069469262e-03,
       5.6844207679534638e-03, 4.4109245677626365e-03,
       4.7172233619251283e-03, 5.4546686931682895e-03,
       5.2286946134962198e-03, 4.2482558553819296e-03,
       1.3584117547613690e-03, -3.2231777268274436e-04,
       -1.3870196864734161e-03, -1.0601480068993246e-03,
       1.3140292054685688e-03, 1.6963368580174849e-03,
       5.2460407282209495e-04, 1.2975745590787576e-03,
       3.2585220734212849e-03, 3.8389869556573722e-03,
       3.7911154989994280e-03, 3.4420050991012508e-03,
       3.6056596709153400e-03, 2.9177286209460963e-03,
       4.7099184436029829e-03, 4.6072796202365086e-03,
       5.2324453932363988e-03, 5.0831928533327138e-03,
       6.8777283715641818e-03, 5.5218721551777584e-03,
       1.9492434721619916e-03, 3.7132100943834683e-03,
       8.4316017956368103e-03, 9.4368770101788003e-03,
       3.3743695150854095e-03, -8.2914420693831157e-05,
       4.8795124070023208e-04, 2.3014678312659026e-03,
       3.4532150778943519e-03, 3.7893750744352373e-03,
       4.1292450873661726e-03, 3.7813396225344926e-03,
       3.4738746014097133e-03, 3.5872970771236978e-03,
       3.2287181545962735e-03, 4.6571095502314207e-03,
       5.0726674320889830e-03, 6.5867902100493637e-03,
       5.9561707703990052e-03, 3.4606443540474933e-03,
       2.0747806682041990e-03, 1.8491774623276304e-03,
       6.8371992038535872e-03, 1.5474388604647064e-02,
       1.4289878610359272e-02, 6.5976963596239445e-03,
       3.5582334413200921e-03, 3.2678172079137167e-03,
