%YAML:1.0
rangeMap: !!opencv-matrix
   rows: 21
   cols: 21
   dt: d
   data: [ 5.5467517272000759e-04, 7.1262735803035815e-04,
       2.7442979035145461e-04, -2.7162959662889208e-04,
       -1.0097572585173805e-03, -1.2837562388595155e-03,
       -2.2057861157328156e-03, -1.4715524855327081e-03,
       -1.6941273916094592e-03, -2.5719997102951623e-03,
       -2.8127518309567084e-03, -3.4871697036681993e-03,
       -3.3872009507202685e-03, -2.8606095881481162e-03,
       -2.7431858464133652e-03, -2.7150671027743028e-03,
       -3.4541725147915498e-03, -4.5139192687756709e-03,
       -5.5282159319237165e-03, -4.9033223186489795e-03,
       -6.3211850324213070e-03, 2.1047442526973402e-04,
       8.7258195358683600e-04, 5.8056690470959915e-04,
       3.0109270328844862e-04, -3.5117856264708382e-04,
       -3.7563914962427942e-04, -4.7920300251271507e-04,
       -4.8161402010794179e-04, -2.1459782169954943e-03,
       -2.5357064653841422e-03, -2.9648811743433795e-03,
       -3.3733237855700796e-03, -2.5777611719374938e-03,
       -2.5838002488998003e-03, -2.7028691141561785e-03,
       -2.6117894100866875e-03, -3.1176258381620360e-03,
       -4.2323465789166313e-03, -4.8847145088652365e-03,
       -4.5741306761164736e-03, -5.2482170325573226e-03,
       -1.0629175424487545e-04, 4.0754861864231254e-04,
       1.4965355025132909e-04, 2.7315136555807319e-04,
       -3.2096083640871905e-04, -7.6142575679004549e-04,
       -8.7512660516706549e-04, -1.6685341688859809e-03,
       -3.0532829625566460e-03, -3.0803516334735864e-03,
       -2.8772592176351795e-03, -3.0411702605361328e-03,
       -2.9099667286375465e-03, -2.7958180383479561e-03,
       -2.7067451047387953e-03, -3.2073718229220722e-03,
       -2.5563028405651330e-03, -3.5054369060434805e-03,
       -4.4357421669030811e-03, -4.5930695289326893e-03,
       -5.2336270048052380e-03, 9.3060835450929649e-05,
       6.6620794285120080e-04, 7.1793526546648869e-04,
       5.3948062272961750e-04, 4.3741800170902156e-04,
       -6.8702881360423046e-05, -6.6884831548905718e-04,
       -1.8089017200945405e-03, -3.2037649047509413e-03,
       -2.6291597662898552e-03, -2.8898322432235144e-03,
       -2.5893453026414655e-03, -1.5492662070932372e-03,
       -2.1863086109733375e-03, -2.1641890875964903e-03,
       -3.1632313333820362e-03, -2.7830812477635317e-03,
       -3.0040407414368524e-03, -4.3654932128508938e-03,
       -4.7123809347904772e-03, -5.5807931813568025e-03,
       -1.4978747667468526e-04, 7.4006707346576295e-04,
       1.0601649765463964e-03, 3.8415997308937852e-04,
       5.9014466355860923e-04, 1.7286455030909867e-04,
       -6.3465432731503013e-04, -2.0923269882614478e-03,
       -3.4204904364824882e-03, -5.7412637743896070e-03,
       -6.6223940522231314e-03, -5.9825856752515477e-03,
       -3.1362425847752946e-03, -1.7689629635714670e-03,
       -2.1390302274784502e-03, -2.9547792750328917e-03,
       -3.3162249028771671e-03, -4.4140027935992360e-03,
       -3.7350865634982397e-03, -4.3429939189890453e-03,
       -5.0711391583294196e-03, 1.3468182362371553e-03,
       1.4892112242647641e-03, 1.2481714777530580e-03,
       5.6085771852598806e-04, 5.5579007625734171e-04,
       8.0727332251856183e-05, -1.4469878260597252e-03,
       -7.2630163700576449e-03, -1.7981517693198674e-02,
       -2.2879215709587033e-02, -2.3404313707448620e-02,
       -2.7232056056336731e-02, -1.6956718137403834e-02,
       -6.2001594806885335e-03, -2.0924220772898039e-03,
       -2.7645506454592522e-03, -3.0189462413969166e-03,
       -4.9968163778268621e-03, -3.8435565638179326e-03,
       -3.9848082010652238e-03, -3.9673686580282332e-03,
       1.7287007695640235e-03, 1.3031764068272178e-03,
       9.3940332248044784e-04, 1.0848746826540849e-03,
       9.1923366804579109e-04, 4.3189966680626262e-04,
       -2.4162871331588577e-03, -2.6519452385365221e-02,
       -3.9881935237818640e-02, -3.6376939277308368e-02,
       -3.5500625773633290e-02, -4.5634650283657881e-02,
       -3.8155345117130993e-02, -3.2480808062502246e-02,
       -1.1659128099636111e-02, -2.2483396841364764e-03,
       -3.2060998137616557e-03, -3.5774413831275295e-03,
       -3.5061434036980314e-03, -3.9471504214050115e-03,
       -3.5580828112963567e-03, 2.0361007026689446e-03,
       1.5152720115763358e-03, 9.7669622008229135e-04,
       1.4337728814265125e-03, 1.1242671224489117e-03,
       -1.7002370955486107e-04, -9.8519834848325490e-03,
       -3.7379191081957572e-02, -2.7641435338991820e-02,
       -1.3947333939512715e-02, -8.0756900287146643e-03,
       -2.5757627571353657e-02, -2.8628088772719329e-02,
       -3.1987097960302892e-02, -2.6426531548682547e-02,
       -1.0695236851751572e-02, -2.8488078861902554e-03,
       -3.7294196859491719e-03, -3.8667506154505655e-03,
       -4.1370717543697047e-03, -4.7304083492831148e-03,
       2.3724441914932783e-03, 1.1094659728556741e-03,
       1.1062703691233832e-03, 1.2123107182245277e-03,
       7.9432529320402282e-04, -3.9704573610555259e-03,
       -2.6835730367541229e-02, -2.9705528548447119e-02,
       -8.5918959231926200e-03, -5.4675504585840516e-03,
       -8.2117876170220792e-03, -1.5822875827271602e-02,
       -2.1009633117201210e-02, -1.6012455953681129e-02,
       -2.6623097406576229e-02, -2.2617167937314768e-02,
       -7.9985269981774423e-03, -4.0586993490044927e-03,
       -3.7197160629470522e-03, -4.2250445832660672e-03,
       -5.1533025928110748e-03, 2.1682865959333675e-03,
       1.6210494919474900e-03, 1.3405056576325978e-03,
       1.6379833335621794e-03, 9.7097568912956158e-04,
       -8.0994791602629415e-03, -2.8471625188797915e-02,
       -1.6883612515157950e-02, -7.9645290387023240e-03,
       -1.0669010839246764e-02, -8.0759362856832051e-03,
       -8.0744880754548710e-03, -1.2266751469607293e-02,
       -1.1206654199284370e-02, -2.5639930986167129e-02,
       -3.0680746080054642e-02, -1.1946486014287206e-02,
       -3.3567024615842223e-03, -3.1658743104706886e-03,
       -4.3666277970269441e-03, -4.5367912611411444e-03,
       1.8486807055911793e-03, 1.6500728204532796e-03,
       1.4233106998149121e-03, 1.4988401512120418e-03,
       -5.1316169843383121e-04, -1.6254636782639113e-02,
       -3.1731725793506513e-02, -1.8702845577902440e-02,
       -7.5071905992754283e-03, -1.0046834755014535e-02,
       -1.1008470208208452e-02, -9.9708905287042796e-03,
       -1.0302688702687914e-02, -1.0135995139857528e-02,
       -2.5002896747011404e-02, -3.0493062023408676e-02,
       -1.1226572129623155e-02, -3.0917609458699547e-03,
       -3.8071478206230945e-03, -5.4167385078833724e-03,
       -4.8068196588241293e-03, 2.1765814685912157e-03,
       1.8518295410431393e-03, 1.5079749974469979e-03,
       1.3363825576135752e-03, 3.7292809866281757e-04,
       -8.0283172080515344e-03, -2.7710305470971110e-02,
       -2.0593986003393565e-02, -8.3445209296089465e-03,
       -8.2474262200130377e-03, -1.1042963500159339e-02,
       -1.2342550108996991e-02, -5.4014889063976109e-03,
       -1.1332686636038434e-02, -3.2519757982325752e-02,
       -3.0600742960013215e-02, -7.8688730030086682e-03,
       -2.8847814589774757e-03, -3.5830756221929372e-03,
       -4.6884337846745620e-03, -3.3505593151368089e-03,
       1.9542264689430006e-03, 1.5208110091202932e-03,
       1.1671720491185473e-03, 1.4053657333619868e-03,
       8.0209161421422722e-04, -4.0041100940158749e-03,
       -2.5563217318149790e-02, -3.1443956279196966e-02,
       -1.2992176248395760e-02, -1.3022137207024267e-02,
       -1.4649370498931370e-02, -7.1581093272965633e-03,
       -9.3378974539567883e-03, -1.6873282910936243e-02,
       -3.9552038160384086e-02, -2.5519420715775690e-02,
       -4.3113202612557484e-03, -2.3858394492560233e-03,
       -2.8867274532948157e-03, -4.0226306002556153e-03,
       -4.1456186146793467e-03, 1.2906491558125368e-03,
       1.6685572898531157e-03, 1.7833944314336319e-03,
       1.0895867386941434e-03, 3.0270522447742483e-04,
       -5.5292704128074937e-04, -1.3382456018446698e-02,
