%YAML:1.0
rangeMap: !!opencv-matrix
   rows: 21
   cols: 21
   dt: d
   data: [ 5.3287446696600911e-03, 5.3128863536589166e-03,
       5.7185274990206991e-03, 5.2997834176685618e-03,
       4.4121130591845735e-03, 4.4921392949727381e-03,
       4.3407365947016659e-03, 4.2331834141232719e-03,
       5.1233020238863423e-03, 5.2867927526329701e-03,
       4.6548272291819194e-03, 4.5363783063451435e-03,
       4.2546709145523439e-03, 3.7387339203754188e-03,
       3.8628940874644653e-03, 4.0212156682365189e-03,
       3.6037661268288400e-03, 3.1336377930708064e-03,
       3.0306091753166849e-03, 2.9939717185609228e-03,
       2.8884755053974398e-03, 5.7288763297644535e-03,
       5.4909020798518818e-03, 4.8769990010284923e-03,
       4.4253826134333157e-03, 3.9286043695458709e-03,
       4.5060391099009649e-03, 4.4401389684198484e-03,
       4.7205442425341249e-03, 5.5131859366482662e-03,
       5.0882268791392852e-03, 4.3515600226213397e-03,
       3.5520164731549448e-03, 3.3915513393750472e-03,
       3.1531934117310589e-03, 3.0134966625039090e-03,
       3.1795043042900169e-03, 2.9807540820707581e-03,
       2.6982273852988394e-03, 2.6449923374441365e-03,
       2.9072580080651187e-03, 2.6738053499810711e-03,
       5.6440980984803161e-03, 4.6696375458560443e-03,
       4.1836464288833647e-03, 4.6329820633009876e-03,
       4.6218502793825391e-03, 4.5919651714002680e-03,
       4.8428257922826339e-03, 4.9326989058208499e-03,
       4.8417419997516349e-03, 4.3928466319159030e-03,
       4.1484513639878581e-03, 3.5432781271268385e-03,
       3.3004238057364826e-03, 3.3098420337042112e-03,
       2.8553287743946333e-03, 2.6841671535770698e-03,
       2.8872762750373100e-03, 2.8036301683023717e-03,
       2.4867614195302223e-03, 2.5407018718592326e-03,
       2.5014559764799322e-03, 4.9307574458948723e-03,
       4.2984576853458707e-03, 4.4124717086229210e-03,
       4.9725099349318021e-03, 5.3006707499419605e-03,
       5.3713611017399514e-03, 5.2639148346654355e-03,
       4.9884048116271631e-03, 4.1689380142439850e-03,
       4.0444628136723912e-03, 3.8244178224804684e-03,
       3.3709406930612822e-03, 3.2420302649929645e-03,
       3.2387258187622303e-03, 2.9296173646993638e-03,
       2.7660687502842683e-03, 2.7309336161278060e-03,
       2.5285645656053873e-03, 2.6813425260325706e-03,
       2.3960255485813700e-03, 2.2326681630674547e-03,
       5.0790158362339112e-03, 5.3681276147443443e-03,
       5.3240035203885030e-03, 5.1009868697680250e-03,
       5.4094343400942647e-03, 5.4166708041884833e-03,
       4.8858072198255534e-03, 4.5422872081932707e-03,
       4.4056317747597105e-03, 3.5779628156589979e-03,
       3.4687469821185041e-03, 3.4522470202764362e-03,
       3.3041274679235207e-03, 3.2921934736767360e-03,
       3.1330850441456518e-03, 3.0050206473059161e-03,
       2.5616273849362373e-03, 2.1823841130243680e-03,
       2.7080928877094494e-03, 2.5059026555360473e-03,
       2.2309358855921286e-03, 5.6580472247691783e-03,
       5.4271527770555269e-03, 5.1637880714886838e-03,
       5.1251722680913494e-03, 5.3541431215449100e-03,
       5.1291244751600889e-03, 4.5324436481268522e-03,
       4.4222591098913386e-03, 4.3165653562264429e-03,
       3.5698512457994474e-03, 3.3213824655330009e-03,
       3.5678740983958474e-03, 3.4888649794582874e-03,
       3.4218639712685068e-03, 3.2094021258950163e-03,
       2.7375430743477652e-03, 2.5775177298076588e-03,
       2.5174943120659919e-03, 2.3677157163911251e-03,
       1.9716514493692398e-03, 1.8012278281366310e-03,
       5.5470220213076279e-03, 5.0459660788330345e-03,
       4.7470789070482204e-03, 4.7357341278703429e-03,
       5.1185456851244558e-03, 5.3006424092058996e-03,
       4.5465926948905838e-03, 4.0084032155583418e-03,
       3.7653755390310161e-03, 3.2875732404993195e-03,
       3.2259191724675301e-03, 3.5541544832366485e-03,
       3.5216172778014657e-03, 3.2088799188203575e-03,
       2.8829908624461455e-03, 2.8119809201925679e-03,
       2.3570938599051308e-03, 2.2847093151931804e-03,
       1.9711370881583027e-03, 1.7505095326259383e-03,
       1.9367601580338955e-03, 5.6373813550281765e-03,
       5.0706987576314812e-03, 4.8575140950724320e-03,
       4.5304634721435233e-03, 4.5818011347850286e-03,
       4.5179265091869741e-03, 4.3799671052333492e-03,
       3.7656527374513096e-03, 2.6950826549125228e-03,
       2.0530187395839412e-03, 1.8805178124821694e-03,
       3.2108136870088793e-03, 3.4434089014797917e-03,
       3.2511694144915630e-03, 3.0042907119591749e-03,
       2.7674654654327182e-03, 2.4554939711276505e-03,
       2.0975529630890217e-03, 1.6610449756456404e-03,
       1.8635419618295275e-03, 1.9351073298906369e-03,
       5.4305798559893545e-03, 5.1572835940386043e-03,
       5.0751880394842548e-03, 4.9480045067565757e-03,
       4.5169273594972787e-03, 3.9919346703500679e-03,
       3.9001841446731876e-03, 2.2219987657791391e-03,
       -8.6330885196152902e-04, -8.3606990989608615e-04,
       1.3915491616808429e-03, 2.6419559817984959e-03,
       3.1226235935193128e-03, 3.2982903808309468e-03,
       3.3411591722559697e-03, 2.6740453810770409e-03,
       2.1374990290497597e-03, 1.8811202592158972e-03,
       1.9294372443417712e-03, 2.0062775569629761e-03,
       1.7197595321158292e-03, 5.0161761654263096e-03,
       5.1557616545357624e-03, 5.1335855238908096e-03,
       4.7771107142452951e-03, 4.2517868921870079e-03,
       3.9576585767774983e-03, 3.8570327651517421e-03,
       1.5058865917405156e-03, -2.9459328468113199e-03,
       -1.9893372807449588e-03, 9.5588513702537278e-04,
       2.7294426820821775e-03, 2.9776437114437540e-03,
       3.2153610993882176e-03, 3.1928642856759145e-03,
       2.5707678455682238e-03, 2.1364963996685134e-03,
       1.9165049361095873e-03, 1.8243730133967481e-03,
       1.8409784860970526e-03, 1.7187644948999832e-03,
       4.9282170742324148e-03, 5.0951824000015043e-03,
       5.0162613409176389e-03, 4.4487395885336612e-03,
       4.2599976993217513e-03, 3.9238468610782650e-03,
       3.9904369557918666e-03, 2.0339914730569796e-03,
       -2.3625968162283547e-03, -3.0305757392713076e-03,
       4.1086708287628682e-04, 2.7670692439087144e-03,
       2.9575835258701818e-03, 3.0081859217446520e-03,
       2.7785249502888056e-03, 2.4428834226480627e-03,
       2.1328318929909554e-03, 1.8470950841977534e-03,
       1.6166063945695218e-03, 1.6187020667791079e-03,
       1.6145187484825536e-03, 4.2927848816258739e-03,
       4.3322581598190281e-03, 4.2366554265932934e-03,
       4.4224917913871092e-03, 4.2922361665202113e-03,
       4.1640644671521254e-03, 3.6704406317166123e-03,
       2.0865350017151827e-03, -2.0752896279521852e-03,
       -2.1889309896512667e-03, 1.9045342796164134e-03,
       3.1665160745519838e-03, 2.8342801175974403e-03,
       2.5149732059476207e-03, 2.3577521997314521e-03,
       2.3321652149851887e-03, 1.9966053523454725e-03,
       1.6524447311431023e-03, 1.6706674524932243e-03,
       1.4802024634971113e-03, 1.4044822808410747e-03,
       4.7049430465018098e-03, 4.6940264448777228e-03,
       4.3344320856189391e-03, 4.4182231429394188e-03,
       4.1529014397403731e-03, 4.0946311108161016e-03,
       3.7995580115841878e-03, 2.1959783579362747e-03,
       -8.1378789682647228e-05, 1.0365550347661580e-03,
       2.6040074188206706e-03, 2.6748163357204124e-03,
       2.4950504245240279e-03, 2.0806639478472785e-03,
       2.2102298682229035e-03, 2.2711314945261024e-03,
       1.9681973263757191e-03, 1.2990683763606646e-03,
       1.5852335192711930e-03, 1.4755075190673547e-03,
       1.1065293075422601e-03, 4.8947844983080928e-03,
       4.6654370419822212e-03, 4.2966120069939844e-03,
       4.7487693248262613e-03, 4.4370597268186037e-03,
       3.8796456297499763e-03, 3.6813718990988471e-03,
       2.9214267622691302e-03, 2.6363279449838767e-03,
       2.9133954376892581e-03, 2.8956861195144411e-03,
       2.7943484085024778e-03, 1.9863082424219709e-03,
