%YAML:1.0
rangeMap: !!opencv-matrix
   rows: 21
   cols: 21
   dt: d
   data: [ -3.5050493342937421e-03, -3.8958474328965476e-03,
       -3.5690205655953804e-03, -4.9707592562657299e-03,
       -5.1672955344735077e-03, -4.5355147834811524e-03,
       -5.3407593752472530e-03, -5.6893768316980042e-03,
       -5.2634635782183954e-03, -5.0355244574397740e-03,
       -6.8213760826124304e-03, -7.7556413398282660e-03,
       -6.7829512192375046e-03, -7.0697957346908683e-03,
       -6.8825809877877944e-03, -7.4039286345786437e-03,
       -5.1420971496283210e-03, -5.2343282884098367e-03,
       -8.5052990638242974e-03, -8.6556469291393014e-03,
       -9.0376268345840807e-03, -2.5912824451648146e-03,
       -2.5365661855191852e-03, -3.2335375600229255e-03,
       -4.6693792149146984e-03, -4.7228054441047339e-03,
       -4.6549963137442925e-03, -5.3184581320506984e-03,
       -5.5137431370835569e-03, -5.1071268018018081e-03,
       -6.6523429438106992e-03, -7.5072766655805553e-03,
       -7.7582002736197508e-03, -6.7166526993191911e-03,
       -6.9006204761197544e-03, -7.6466003167298922e-03,
       -6.7238017864349239e-03, -5.1298137016697869e-03,
       -5.8156543435544800e-03, -6.1758629454102282e-03,
       -7.4595425873238844e-03, -8.4387444590993364e-03,
       -2.9565528443397287e-03, -2.6648640366238791e-03,
       -3.5509430688571539e-03, -4.4815092415856116e-03,
       -4.4451136056928220e-03, -5.0684440865733163e-03,
       -5.4612767587808699e-03, -4.9853678848750431e-03,
       -5.6704713459298089e-03, -6.3451212021867114e-03,
       -6.7974214005160558e-03, -5.8168894318711434e-03,
       -5.7878487925763170e-03, -6.7624839199087418e-03,
       -7.6059415199808108e-03, -6.1277633308418396e-03,
       -3.4214880168579962e-03, -7.2078662453245413e-03,
       -6.8933512514767472e-03, -7.6882882373061111e-03,
       -8.2636687188510326e-03, -1.7232559601598441e-03,
       -2.7075978586506453e-03, -3.5326462598836705e-03,
       -3.8289823551609253e-03, -3.5324255628103557e-03,
       -4.1616519328825340e-03, -4.9130174188856558e-03,
       -4.2968719291174642e-03, -4.9268514237016323e-03,
       -6.8936831796654217e-03, -7.0339771824023270e-03,
       -5.8376644262820741e-03, -6.5027925103594772e-03,
       -7.4555049284574515e-03, -7.1672358458686755e-03,
       -6.7348718339959729e-03, -5.1352139573308305e-03,
       -8.6686543323414543e-03, -6.3690062466885073e-03,
       -6.8408707544224080e-03, -7.7533099091884597e-03,
       -1.3091081525161386e-03, -3.0133650456214520e-03,
       -3.3632849838221538e-03, -3.3131337697583354e-03,
       -4.0748594658312383e-03, -3.2924844723776869e-03,
       -4.7036285902231174e-03, -4.6950011601915144e-03,
       -3.9933009699771376e-03, -5.9513290733994749e-03,
       -7.2593454675572407e-03, -5.2288923101818765e-03,
       -7.4967489214165213e-03, -7.7564800822698008e-03,
       -7.6117832834205843e-03, -8.2759703137588111e-03,
       -8.6124711168519292e-03, -6.7513330800595761e-03,
       -5.3300071656193250e-03, -7.2222031544498652e-03,
       -8.3389881508001175e-03, -1.2792522755618410e-03,
       -2.6795079125284736e-03, -2.9204417124445241e-03,
       -3.1429917430616850e-03, -4.0894387208045193e-03,
       -3.8366094414813172e-03, -4.0482583773356678e-03,
       -4.1799497574095644e-03, -3.9923346592636464e-03,
       -5.8343354443857404e-03, -6.5495551100037634e-03,
       -2.4452348621684973e-03, -4.9264014255373202e-03,
       -6.6172183028039323e-03, -6.7902557791824246e-03,
       -7.5304854040819475e-03, -8.9054550850725615e-03,
       -9.1700804640514506e-03, -6.1949393852689027e-03,
       -6.9374127532233669e-03, -7.7710366533582272e-03,
       -1.2761761254978180e-03, -2.0382680574740097e-03,
       -3.3408925199581367e-03, -3.3950301570630382e-03,
       -3.8383950039512682e-03, -3.6402255715106114e-03,
       -3.2776510988652423e-03, -4.1112683263581718e-03,
       -7.1080634784187685e-03, -8.3845726680787935e-03,
       -7.9553478395793797e-03, -4.4237624932468109e-03,
       -4.4927676873909445e-03, -5.9658023006284432e-03,
       -7.0110780224176281e-03, -6.7040707731245951e-03,
       -8.3297993729106092e-03, -7.0347510924740559e-03,
       -6.5468114768490702e-03, -7.2039825227100561e-03,
       -7.1838098757295863e-03, -8.5259404553043817e-04,
       -1.8136285002484907e-03, -2.5190046444165614e-03,
       -1.9278885402751250e-03, -3.4620914174718072e-03,
       -4.2658657566622222e-03, -6.3173685476101337e-03,
       -8.2728729563932776e-03, -1.6210181904426642e-02,
       -1.3783661737694741e-02, -1.4438279664880812e-02,
       -7.2903444249367098e-03, -4.8772188859045945e-03,
       -5.6890120179254313e-03, -6.6969173214747740e-03,
       -7.0331179844312103e-03, -9.2645680160950566e-03,
       -5.7962127085030820e-03, -6.2424075103101832e-03,
       -6.1062474366292531e-03, -6.8772767568769100e-03,
       -5.9587862039176649e-04, -7.2421162227696595e-04,
       -5.4631457619691061e-04, -1.0389634100718549e-03,
       -2.8507798269033846e-03, -4.5290124955227225e-03,
       -1.0697575753024839e-02, -2.6374140509172264e-02,
       -4.2389072547534538e-02, -4.6743947691071729e-02,
       -3.8119471663380686e-02, -2.5738614569758515e-02,
       -9.9557102363728427e-03, -4.6688557586756548e-03,
       -4.5862791243158983e-03, -5.1491047187208084e-03,
       -6.9782519904786015e-03, -6.7526761646354710e-03,
       -5.8393100581749565e-03, -5.8571770366938770e-03,
       -7.7605978551563521e-03, 2.1418989213486587e-04,
       -8.3492639280796448e-04, -5.0268500958251924e-04,
       -2.6659623481994584e-03, -4.0571517758408665e-03,
       -1.1391870173347109e-02, -2.4034824595238088e-02,
       -5.7037453082051930e-02, -7.6380902387247263e-02,
       -6.8836584019994193e-02, -3.5838598500160315e-02,
       -2.8873333519848530e-02, -2.2930094357951174e-02,
       -7.8958174077524441e-03, -2.4044045094053111e-03,
       -5.2596039249106904e-03, -5.8831388693244323e-03,
       -6.5662911844299992e-03, -5.9712606954439194e-03,
       -6.1104126996743089e-03, -8.3359903622270016e-03,
       4.7373938597558514e-04, -1.6703596478446893e-03,
       -2.1312369764825774e-03, -2.5464723237642209e-03,
       -5.4694347169686542e-03, -1.6454377032845954e-02,
       -2.4454511321634648e-02, -4.3926321114467731e-02,
       -5.5377428779897472e-02, -4.8774133137081677e-02,
       -1.6752897107019379e-02, -2.0699141324508986e-02,
       -2.8216651171489325e-02, -1.4855727823281640e-02,
       -4.8227971077355498e-03, -6.3924238696540141e-03,
       -5.4223472331148747e-03, -5.8642140933781693e-03,
       -5.7764418945303181e-03, -5.9205539232922129e-03,
       -7.3586417509702443e-03, -1.8488473669193788e-03,
       -2.1185479976499550e-03, -2.1642251231820172e-03,
       -2.7649566651684267e-03, -5.5180899622407223e-03,
       -1.7650139790612765e-02, -2.0695252226715675e-02,
       -1.9449700945935285e-02, -1.4622743434349460e-02,
       -1.2923642104973656e-02, -1.0490347307967478e-02,
       -2.0631934151560102e-02, -2.9251879205751462e-02,
       -1.7963999660629781e-02, -7.4224736202786797e-03,
       -7.1151611929499876e-03, -5.2243134960627676e-03,
       -4.8668974741056664e-03, -5.5237985882282212e-03,
       -6.6475876834296019e-03, -7.8254235504677458e-03,
       -1.0226022413888666e-03, -1.7430937071756805e-03,
       -1.6814379891113603e-03, -2.8865600514141072e-03,
       -4.1238842789292386e-03, -1.7870949475461129e-02,
       -2.7945958534320546e-02, -7.7112538996877969e-03,
       -5.0670594492443011e-03, -3.3209964924408963e-03,
       -1.6890511697380952e-02, -2.9967209444470646e-02,
       -3.1307930297651575e-02, -1.9466194759207425e-02,
       -6.2396392458559024e-03, -5.3106653284878038e-03,
       -4.1554779730944820e-03, -4.6961907850022874e-03,
       -4.4653306189160972e-03, -5.8102399972428855e-03,
       -7.4140297954837092e-03, -7.4883426568546287e-04,
       -1.7567774499900757e-03, -2.1300314379733790e-03,
       -2.2827254133151679e-03, -2.7566495111305479e-03,
