%YAML:1.0
rangeMap: !!opencv-matrix
   rows: 21
   cols: 21
   dt: d
   data: [ 4.2986678560515855e-03, 6.2389957946200501e-03,
       6.1708307987373909e-03, 5.2163585071377206e-03,
       3.7282025179044935e-03, 2.0034768950360428e-03,
       2.2686533565964774e-03, 2.5130302461243590e-03,
       3.0439415384577984e-03, 3.0906208942123549e-03,
       2.5167756124769743e-03, 2.5077531706455044e-03,
       2.5810831140779845e-03, 1.5510338211161257e-03,
       3.0094553064358488e-03, 2.2003845619689385e-03,
       2.1637711980695869e-03, 4.3969110921678327e-04,
       8.2377432051559539e-04, 2.0322116099309325e-03,
       1.9019756948912934e-03, 6.1801888274048387e-03,
       4.8926101148460532e-03, 5.0358871368327588e-03,
       4.5489267275127913e-03, 3.6199568800313595e-03,
       2.0893922858172521e-03, 2.2778591292650528e-03,
       2.0477283444691554e-03, 2.6350620826720269e-03,
       2.8352353492563948e-03, 3.0534769680104616e-03,
       3.1553561826499921e-03, 4.6532661278247504e-03,
       2.9298463161023815e-03, 3.5927527697421570e-03,
       3.0745819797144778e-03, 1.7267818326164813e-03,
       9.4289697602876934e-04, 1.1738570925806005e-03,
       2.2680175668322623e-03, 1.1591163435550481e-03,
       6.2149275071827761e-03, 4.8051144857303163e-03,
       4.1677110537379864e-03, 3.6759840481783378e-03,
       3.4659393506815367e-03, 2.5752992928449463e-03,
       2.5265731749373101e-03, 2.0950565032200599e-03,
       1.8282429684222958e-03, 2.3511699512983940e-03,
       2.6892670230548089e-03, 2.4706330102909541e-03,
       2.1443936471409624e-03, 2.9434538186761685e-03,
       4.0594426378665251e-03, 4.6556242610229209e-03,
       1.8565986699220292e-03, 7.0376336287727547e-04,
       1.2954130515726537e-03, 1.6865454325287327e-03,
       1.7051797368871479e-03, 5.7137619429721417e-03,
       4.0909280362392639e-03, 2.7267631249786005e-03,
       3.0272197236847560e-03, 4.2608091554804280e-03,
       4.4844791485121032e-03, 2.9790069829122982e-03,
       1.9309295765348969e-03, -8.0188771542478120e-04,
       -2.2610380186578035e-03, -2.0924005075157355e-03,
       -4.0342220594169736e-03, -4.1030262155578581e-03,
       -4.5919483067085004e-04, 1.6501526685797068e-03,
       3.4027783045943250e-03, 2.1119754736916917e-03,
       5.9498117010626042e-04, 1.4801977916237255e-03,
       1.5229314461844038e-03, 1.4076058915328143e-03,
       4.0068811026672604e-03, 3.3241680929456180e-03,
       2.2980578317050556e-03, 2.3816696762404828e-03,
       2.7992011744388695e-03, 2.4294245471833060e-03,
       5.1493185169168370e-04, -4.2048989491445012e-03,
       -1.2987524841658328e-02, -1.5642337942658721e-02,
       -1.7471324511683352e-02, -1.9312163314563414e-02,
       -1.6017400721178524e-02, -1.0005326434936618e-02,
       -2.4389182803200653e-03, -4.8222371099496700e-05,
       1.1260634197369946e-03, 1.3039476904054561e-03,
       1.0440835009814400e-03, 1.6384216020317399e-03,
       1.6031073749861785e-03, 1.5305120578348761e-03,
       2.6052580520597034e-03, 2.7249964982605395e-03,
       3.2244355647692308e-03, 2.4317740936068842e-03,
       -9.7821967854538417e-04, -1.0443195641168046e-02,
       -2.7629473159216808e-02, -3.0420902889570743e-02,
       -1.4506459245916687e-02, -2.2913689073288435e-02,
       -2.3887017916989314e-02, -1.3898209747627309e-02,
       -1.8056844783832671e-02, -1.6892069981282429e-02,
       -7.4487643616850353e-03, -1.4848445262730066e-03,
       6.7272506554581562e-04, 1.8288671286128349e-03,
       1.6298175179677147e-03, 2.2743371638662812e-03,
       3.5663682603143199e-03, 4.8736741957220000e-03,
       4.5635231225731989e-03, 3.4913903005387970e-03,
       2.4127548143236470e-04, -1.0556303247469914e-02,
       -2.5022488511688437e-02, -3.1112356446018240e-02,
       -1.6532166962747237e-02, -9.1327305056802758e-03,
       -1.2516122564564729e-02, 2.4091396341313119e-04,
       -5.2205335495788671e-03, -1.7448534454357671e-02,
       -2.6383800983704509e-02, -2.2146011465560677e-02,
       -8.3850695504602349e-03, -2.3500731207283716e-05,
       1.8744489249462868e-03, 2.1650352729244140e-03,
       1.5205991989726175e-03, 5.3783939684583859e-03,
       5.0811392950001078e-03, 4.4905769771229403e-03,
       2.7506994450435364e-03, -4.3216039056461313e-03,
       -2.5240829207553869e-02, -2.9643121019335809e-02,
       -1.9925896845443283e-02, -8.4592137990106633e-03,
       -8.8777711592620667e-03, -1.0488601228928364e-02,
       -7.2103920936942038e-03, -9.2512560656840409e-03,
       -1.2199391997051055e-02, -1.8758378864123081e-02,
       -2.6590231464376536e-02, -1.6796925418158158e-02,
       -3.0894669752594590e-03, 1.5958509368291535e-03,
       1.6079103423302136e-03, -4.4623325057773107e-05,
       5.5909004703485797e-03, 5.3630378873325201e-03,
       4.6371933988954370e-03, 1.2607432038714104e-03,
       -1.2969470476132785e-02, -3.0018799710551072e-02,
       -2.0187039703855256e-02, -7.5934055172744109e-03,
       -1.3055958318667078e-02, -1.1740514585248385e-02,
       -1.0354359614589047e-02, -1.0490029094183104e-02,
       -1.0098214087509058e-02, -8.5277149594159742e-03,
       -1.0576007434488388e-02, -1.7376008565278357e-02,
       -2.0061657353769788e-02, -6.2545621655244917e-03,
       1.2589708550854684e-06, 2.3823535817291011e-04,
       2.8985542058287625e-04, 4.6373734593374832e-03,
       4.8751046366507685e-03, 3.6845105822054503e-03,
       -8.5930176995589410e-04, -1.8873810365795034e-02,
       -2.6824626413813144e-02, -1.4706803906707819e-02,
       -7.8527294290949342e-03, -1.0410923681897286e-02,
       -1.0143238899357638e-02, -1.0002277369844164e-02,
       -1.0743422987820985e-02, -1.0838782686652617e-02,
       -9.5703301906965802e-03, -9.7726562183612226e-03,
       -1.0754316663094008e-02, -2.0356992394576178e-02,
       -1.0813204837750025e-02, -1.0864396694027483e-03,
       -6.1588479936305115e-05, 1.5761727618560789e-06,
       4.5167866305262988e-03, 4.6607461644293637e-03,
       3.1406633599718307e-03, -2.0661153184802299e-03,
       -2.1165047048260711e-02, -2.6106792167049208e-02,
       -1.2729235785231377e-02, -8.7212638484413171e-03,
       -9.6537444823902203e-03, -9.1926734380894919e-03,
       -1.0273467914585766e-02, -1.1429208499903365e-02,
       -1.0582798317527835e-02, -1.0170695670461033e-02,
       -1.0324397536451826e-02, -1.4108682696734978e-02,
       -2.4082101518470057e-02, -1.5699593875196202e-02,
       -1.9452804138781767e-03, -4.4891953362864360e-04,
       -9.5612450232592894e-04, 4.0878336453362245e-03,
       3.3647183588324482e-03, 2.7575248360254974e-03,
       -2.9327864475631217e-03, -2.1125618772005143e-02,
       -2.3452571731279938e-02, -1.2441240895943798e-02,
       -9.2190237423165605e-03, -1.0455671684161769e-02,
       -1.1216387064134891e-02, -1.2865249375637105e-02,
       -1.2693844521359757e-02, -1.1442455872748660e-02,
       -1.1220849066045129e-02, -1.2494143980200028e-02,
       -1.9292729945343316e-02, -2.7587607889037545e-02,
       -1.5695578527134501e-02, -3.1656932161486127e-03,
       -1.2112794425817954e-03, -7.5684991879448600e-04,
       4.7267389528071304e-03, 2.6651945657327324e-03,
       2.1700950293581070e-03, -2.3207711121024897e-03,
       -1.8409391544224607e-02, -2.4157384476334406e-02,
       -1.2298741913876332e-02, -9.1542621985682294e-03,
       -1.0878444532186051e-02, -1.1153145414774688e-02,
       -1.1580915312317553e-02, -1.2653469768341592e-02,
       -1.2738373704779324e-02, -1.2677389236056508e-02,
       -1.6513474644980181e-02, -3.0327238529175630e-02,
       -3.2603499133151498e-02, -1.3870793140261144e-02,
       -2.5634579708961845e-03, -5.5858796419732998e-04,
       -3.5240217267151525e-04, 5.3257851175306124e-03,
       2.6795292012570804e-03, 8.6459490566824244e-04,
       -1.1703531891110090e-03, -1.4309597572444863e-02,
       -2.7504977008666689e-02, -1.6670939371716032e-02,
       -9.8731854046775046e-03, -1.0593077815004161e-02,
