%YAML:1.0
savedTime:
   - 1.4855644102872441e+09
hand_camera_offset: { px:1.4000000000000000e-02,
    py:7.0000000000000001e-03, pz:1.5890000000000001e-02, qw:1., qx:0.,
    qy:0., qz:0. }
cropUpperLeftCorner:
   - 320.
   - 200.
mu:
   - 2.3999999999999998e-03
   - 2.4499999999999999e-03
kappa:
   - 0.
   - 0.
vanishingPointReticle:
   - 320.
   - 200.
heightReticles:
   - 320.
   - 324.
   - 327.
   - 334.
   - 200.
   - 192.
   - 180.
   - 160.
colorReticles:
   - 462
   - 450
   - 439
   - 428
   - 419
   - 410
   - 405
   - 399
   - 394
   - 389
   - 383
   - 381
   - 379
   - 378
   - 153
   - 153
   - 153
   - 153
   - 153
   - 154
   - 154
   - 154
   - 154
   - 154
   - 155
   - 155
   - 155
   - 155
lensCorrections:
   - 5.7499999999999996e-01
   - 5.3499999999999992e-01
   - 5.3499999999999992e-01
   - 5.3499999999999992e-01
   - 8.5500000000000020e-01
   - 8.1500000000000017e-01
   - 8.1500000000000017e-01
   - 8.1500000000000017e-01
gear0offset:
   - 2.3000000044703484e-02
   - 2.3000000044703484e-02
   - 1.6722800210118294e-02
   - 0.
cameraExposure: 80
cameraGain: 25
cameraWhiteBalanceRed: 1124
cameraWhiteBalanceGreen: 1024
cameraWhiteBalanceBlue: 2048
