%YAML:1.0
grasps:
   size: 1
   graspPoses:
      - { px:-5.0942909524586463e-03, py:1.6204069979353558e-02,
          pz:-1.1333567824655510e-01, qw:9.9999994039535522e-01, qx:0.,
          qy:0., qz:1.1641532182693481e-10, tries:1., successes:1.,
          failures:0., jams:0. }
placeUnderPoints:
   size: 0
   pupPoses:
      []
placeOverPoints:
   size: 0
   popPoses:
      []
