%YAML:1.0
graspZ:
   - -1.2500000000000000e-01
rangeMap: !!opencv-matrix
   rows: 21
   cols: 21
   dt: d
   data: [ 3.0226475348133023e-315, 4.1499575932322945e-315,
       2.3715151000379834e-322, 2.1111425046796465e-320,
       2.7820800944594092e-315, 6.9533444026018991e-310, 0., 0.,
       2.3715151000379834e-322, 2.0874273536792666e-320,
       2.7820800944594092e-315, 6.9533444026018991e-310, 0., 0.,
       2.3715151000379834e-322, 2.0637122026788868e-320,
       2.7820800944594092e-315, 6.9533444026018991e-310, 0., 0.,
       2.3715151000379834e-322, 2.0399970516785070e-320,
       2.7820800944594092e-315, 6.9533444026018991e-310, 0., 0.,
       2.3715151000379834e-322, 2.0162819006781271e-320,
       2.7820800944594092e-315, 6.9533444026018991e-310, 0., 0.,
       2.3715151000379834e-322, 1.9925667496777473e-320,
       2.7820800944594092e-315, 6.9533444026018991e-310, 0., 0.,
       2.3715151000379834e-322, 1.9688515986773675e-320,
       2.7820800944594092e-315, 6.9533444026018991e-310, 0., 0.,
       2.3715151000379834e-322, 1.9451364476769876e-320,
       2.7820800944594092e-315, 6.9533444026018991e-310, 0., 0.,
       2.3715151000379834e-322, 1.9214212966766078e-320,
       2.7820800944594092e-315, 6.9533444026018991e-310, 0., 0.,
       2.3715151000379834e-322, 1.8977061456762280e-320,
       2.7820800944594092e-315, 6.9533444026018991e-310, 0., 0.,
       2.3715151000379834e-322, 1.8739909946758481e-320,
       2.7820800944594092e-315, 6.9533444026018991e-310, 0., 0.,
       2.3715151000379834e-322, 1.8502758436754683e-320,
       2.7820800944594092e-315, 6.9533444026018991e-310, 0., 0.,
       2.3715151000379834e-322, 1.8265606926750885e-320,
       2.7820800944594092e-315, 6.9533444026018991e-310, 0., 0.,
       2.3715151000379834e-322, 1.8028455416747086e-320,
       2.7820800944594092e-315, 6.9533444026018991e-310, 0., 0.,
       2.3715151000379834e-322, 1.7791303906743288e-320,
       2.7820800944594092e-315, 6.9533444026018991e-310, 0., 0.,
       2.3715151000379834e-322, 1.7554152396739490e-320,
       2.7820800944594092e-315, 6.9533444026018991e-310, 0., 0.,
       2.3715151000379834e-322, 1.7317000886735691e-320,
       2.7820800944594092e-315, 6.9533444026018991e-310, 0., 0.,
       2.3715151000379834e-322, 1.7079849376731893e-320,
       2.7820800944594092e-315, 6.9533444026018991e-310, 0., 0.,
       2.3715151000379834e-322, 1.6842697866728095e-320,
       2.7820800944594092e-315, 6.9533444026018991e-310, 0., 0.,
       2.3715151000379834e-322, 1.6605546356724296e-320,
       2.7820800944594092e-315, 6.9533444026018991e-310, 0., 0.,
       2.3715151000379834e-322, 1.6368394846720498e-320,
       2.7820800944594092e-315, 6.9533444026018991e-310, 0., 0.,
       2.3715151000379834e-322, 1.6131243336716700e-320,
       2.7820800944594092e-315, 6.9533444026018991e-310, 0., 0.,
       2.3715151000379834e-322, 1.5894091826712901e-320,
       2.7820800944594092e-315, 6.9533444026018991e-310, 0., 0.,
       2.3715151000379834e-322, 1.5656940316709103e-320,
       2.7820800944594092e-315, 6.9533444026018991e-310, 0., 0.,
       2.3715151000379834e-322, 1.5419788806705305e-320,
       2.7820800944594092e-315, 6.9533444026018991e-310, 0., 0.,
       2.3715151000379834e-322, 1.5182637296701506e-320,
       2.7820800944594092e-315, 6.9533444026018991e-310, 0., 0.,
       2.3715151000379834e-322, 1.4945485786697708e-320,
       2.7820800944594092e-315, 6.9533444026018991e-310, 0., 0.,
       2.3715151000379834e-322, 1.4708334276693910e-320,
       2.7820800944594092e-315, 6.9533444026018991e-310, 0., 0.,
       2.3715151000379834e-322, 1.4471182766690111e-320,
       2.7820800944594092e-315, 6.9533444026018991e-310, 0., 0.,
       2.3715151000379834e-322, 1.4234031256686313e-320,
       2.7820800944594092e-315, 6.9533444026018991e-310, 0., 0.,
       2.3715151000379834e-322, 1.3996879746682515e-320,
       2.7820800944594092e-315, 6.9533444026018991e-310, 0., 0.,
       2.3715151000379834e-322, 1.3759728236678716e-320,
       2.7820800944594092e-315, 6.9533444026018991e-310, 0., 0.,
       2.3715151000379834e-322, 1.3522576726674918e-320,
       2.7820800944594092e-315, 6.9533444026018991e-310, 0., 0.,
       2.3715151000379834e-322, 1.3285425216671120e-320,
       2.7820800944594092e-315, 6.9533444026018991e-310, 0., 0.,
       2.3715151000379834e-322, 1.3048273706667321e-320,
       2.7820800944594092e-315, 6.9533444026018991e-310, 0., 0.,
       2.3715151000379834e-322, 1.2811122196663523e-320,
       2.7820800944594092e-315, 6.9533444026018991e-310, 0., 0.,
       2.3715151000379834e-322, 1.2573970686659725e-320,
       2.7820800944594092e-315, 6.9533444026018991e-310, 0., 0.,
       2.3715151000379834e-322, 1.2336819176655926e-320,
       2.7820800944594092e-315, 6.9533444026018991e-310, 0., 0.,
       2.3715151000379834e-322, 1.2099667666652128e-320,
       2.7820800944594092e-315, 6.9533444026018991e-310, 0., 0.,
       2.3715151000379834e-322, 1.1862516156648330e-320,
       2.7820800944594092e-315, 6.9533444026018991e-310, 0., 0.,
       2.3715151000379834e-322, 1.1625364646644531e-320,
       2.7820800944594092e-315, 6.9533444026018991e-310, 0., 0.,
       2.3715151000379834e-322, 1.1388213136640733e-320,
       2.7820800944594092e-315, 6.9533444026018991e-310, 0., 0.,
       2.3715151000379834e-322, 1.1151061626636935e-320,
       2.7820800944594092e-315, 6.9533444026018991e-310, 0., 0.,
       2.3715151000379834e-322, 1.0913910116633136e-320,
       2.7820800944594092e-315, 6.9533444026018991e-310, 0., 0.,
       2.3715151000379834e-322, 1.0676758606629338e-320,
       2.7820800944594092e-315, 6.9533444026018991e-310, 0., 0.,
       2.3715151000379834e-322, 1.0439607096625539e-320,
       2.7820800944594092e-315, 6.9533444026018991e-310, 0., 0.,
       2.3715151000379834e-322, 1.0202455586621741e-320,
       2.7820800944594092e-315, 6.9533444026018991e-310, 0., 0.,
       2.3715151000379834e-322, 9.9653040766179428e-321,
       2.7820800944594092e-315, 6.9533444026018991e-310, 0., 0.,
       2.3715151000379834e-322, 9.7281525666141445e-321,
       2.7820800944594092e-315, 6.9533444026018991e-310, 0., 0.,
       2.3715151000379834e-322, 9.4910010566103461e-321,
       2.7820800944594092e-315, 6.9533444026018991e-310, 0., 0.,
       2.3715151000379834e-322, 9.2538495466065478e-321,
       2.7820800944594092e-315, 6.9533444026018991e-310, 0., 0.,
       2.3715151000379834e-322, 9.0166980366027494e-321,
       2.7820800944594092e-315, 6.9533444026018991e-310, 0., 0.,
       2.3715151000379834e-322, 8.7795465265989511e-321,
       2.7820800944594092e-315, 6.9533444026018991e-310, 0., 0.,
       2.3715151000379834e-322, 8.5423950165951527e-321,
       2.7820800944594092e-315, 6.9533444026018991e-310, 0., 0.,
       2.3715151000379834e-322, 8.3052435065913544e-321,
       2.7820800944594092e-315, 6.9533444026018991e-310, 0., 0.,
       2.3715151000379834e-322, 8.0680919965875561e-321,
       2.7820800944594092e-315, 6.9533444026018991e-310, 0., 0.,
       2.3715151000379834e-322, 7.8309404865837577e-321,
       2.7820800944594092e-315, 6.9533444026018991e-310, 0., 0.,
       2.3715151000379834e-322, 7.5937889765799594e-321,
       2.7820800944594092e-315, 6.9533444026018991e-310, 0., 0.,
       2.3715151000379834e-322, 7.3566374665761610e-321,
       2.7820800944594092e-315, 6.9533444026018991e-310, 0., 0.,
       2.3715151000379834e-322, 7.1194859565723627e-321,
       2.7820800944594092e-315, 6.9533444026018991e-310, 0., 0.,
       2.3715151000379834e-322, 6.8823344465685644e-321,
       2.7820800944594092e-315, 6.9533444026018991e-310, 0., 0.,
       2.3715151000379834e-322, 6.6451829365647660e-321,
       2.7820800944594092e-315, 6.9533444026018991e-310, 0., 0.,
       2.3715151000379834e-322, 6.4080314265609677e-321,
       2.7820800944594092e-315, 6.9533444026018991e-310, 0., 0.,
       2.3715151000379834e-322, 6.1708799165571693e-321,
       2.7820800944594092e-315, 6.9533444026018991e-310, 0., 0.,
