%YAML:1.0
rangeMap: !!opencv-matrix
   rows: 21
   cols: 21
   dt: d
   data: [ 8.0019630193471185e-03, 6.7479267061312537e-03,
       5.7182913968619464e-03, 5.3318223498826679e-03,
       4.6120162662198500e-03, 3.5384975601095844e-03,
       3.8637057068951516e-03, 3.2459711728325224e-03,
       2.6918348941597334e-03, 3.0637546843390213e-03,
       4.0435291067739357e-03, 4.5162449343876731e-03,
       4.2925745278729029e-03, 4.6567555907014039e-03,
       5.1073957616694183e-03, 4.0198352571428845e-03,
       3.5376576027849236e-03, 3.1029501915525522e-03,
       2.9584119688991044e-03, 3.4874957320684733e-03,
       3.6037442945420499e-03, 8.1682046889503847e-03,
       6.7916038593980278e-03, 5.8126858215850202e-03,
       5.2708434505524451e-03, 4.7594032172988653e-03,
       3.9439447242646539e-03, 3.7140871129065210e-03,
       3.4120121304034934e-03, 3.8497434040387097e-03,
       4.0361995482812371e-03, 3.9254044660390949e-03,
       4.1849986179234820e-03, 4.2820399229996538e-03,
       4.6008007561824122e-03, 4.5304081176756120e-03,
       4.5704630804713018e-03, 4.3995715210298440e-03,
       3.6542033531633189e-03, 3.3439486652562835e-03,
       3.1934538604013042e-03, 3.2350600418612481e-03,
       6.5328102481890032e-03, 5.2064507748410217e-03,
       5.4135999722132811e-03, 4.6635356294117032e-03,
       3.9890971541642183e-03, 4.2107187070490075e-03,
       4.3908051774885111e-03, 3.5471689866988405e-03,
       3.1893168361323337e-03, 5.3080049623659142e-03,
       4.5695692433978244e-03, 3.6779872566071277e-03,
       4.0632722506403086e-03, 4.4993441019579123e-03,
       4.2234366420130769e-03, 4.5396971157282990e-03,
       4.5146387042007746e-03, 4.0248935464906078e-03,
       2.8722199186155296e-03, 3.0094036285262396e-03,
       2.5486400508415133e-03, 5.4449229531353758e-03,
       5.4999537312326414e-03, 5.7205493858522444e-03,
       4.4486773950947510e-03, 4.0178243140692564e-03,
       3.1843942745542540e-03, 3.0301666432646125e-03,
       2.8766170168215031e-03, 4.4491999604836163e-03,
       5.8476327683448931e-03, 4.2400158737736339e-03,
       3.3117043770441437e-03, 3.4037683477343367e-03,
       4.2851028808842716e-03, 4.3707502036585627e-03,
       3.6982021989626830e-03, 3.3885073141224843e-03,
       3.6206226800895168e-03, 3.3125305209232890e-03,
       2.7722333976278697e-03, 2.2334582857276965e-03,
       5.7105673952407461e-03, 5.9216667299863942e-03,
       4.8094783311498452e-03, 4.5345645860874074e-03,
       3.8204704143110484e-03, 1.9082220796164228e-03,
       2.0191991520145682e-03, 2.5577547516973686e-03,
       4.0887471441765702e-03, 4.9753811340472222e-03,
       4.2534193163332751e-03, 3.7923944077263854e-03,
       3.2037755115066307e-03, 3.8832858642223497e-03,
       4.7114782957261830e-03, 3.6774105677146694e-03,
       3.2588282181707662e-03, 3.4879539519765070e-03,
       2.3858037420690743e-03, 2.2344945050366389e-03,
       2.2837345192018329e-03, 5.2461211703300082e-03,
       5.7791019472810913e-03, 4.4936010411121734e-03,
       3.7468323589754881e-03, 4.0367134423079211e-03,
       2.1843584678555216e-03, 1.7253636788615737e-03,
       2.2544674439738230e-03, 3.3559784743773047e-03,
       3.0590716323396286e-03, 3.4013990896162613e-03,
       3.9748964165778194e-03, 4.5332165149048797e-03,
       4.3999458658597265e-03, 4.3830646443840798e-03,
       3.9887620507195734e-03, 3.7785998100688910e-03,
       3.0322581862440396e-03, 2.6809080089748934e-03,
       2.6731638148399200e-03, 1.6954707399214483e-03,
       4.9991753818532832e-03, 5.5070385481964280e-03,
       4.9380477147773737e-03, 4.8011880747187066e-03,
       3.6435699817479522e-03, 2.1773678658025763e-03,
       2.8904513694930326e-03, 1.4220210083375027e-03,
       9.2107771236037356e-04, 2.5790701789723046e-03,
       2.2911359221995699e-03, 2.2287709511679059e-03,
       3.0778739829018242e-03, 3.6801486010723914e-03,
       3.3398051446053728e-03, 3.4188760108740993e-03,
       3.7525665493474874e-03, 3.2686344156533380e-03,
       2.7592952857634421e-03, 1.2174090600983447e-03,
       1.0852426213478678e-03, 4.9940598118265265e-03,
       6.7499536958719386e-03, 5.6678857219093362e-03,
       4.7447802161088007e-03, 3.9327931475150934e-03,
       2.4334120316768962e-03, 2.6191655713335214e-03,
       1.7925734896096443e-03, 1.4119404292254204e-03,
       3.6354537095366016e-03, 2.8376619572833420e-03,
       2.6054587157285135e-03, 3.2690787124019299e-03,
       3.5553210464483579e-03, 2.9711079749996758e-03,
       3.0622722815196565e-03, 3.3056109933318348e-03,
       2.7435774419129859e-03, 3.0968334080645125e-03,
       1.9029585497543722e-03, 1.8362349147990370e-03,
       4.9280684847364913e-03, 5.8401508156487644e-03,
       5.5956189286909689e-03, 4.7187615460289245e-03,
       4.1032486938022772e-03, 2.8091268732481473e-03,
       8.1087738721526842e-04, -6.6115327104787765e-04,
       -1.6183961965844688e-03, -8.4306708885121246e-05,
       1.0507007751384507e-03, 1.9278908552627730e-03,
       2.4961297610528719e-03, 3.5720441501070508e-03,
       3.3675764022253339e-03, 3.5381962633427629e-03,
       2.9607948387064720e-03, 2.5197043719331945e-03,
       3.1609331789704148e-03, 2.7246727160376732e-03,
       1.7244090928643567e-03, 5.0858010451849123e-03,
       5.1615026897977138e-03, 4.8969508757493261e-03,
       4.3596818553150252e-03, 4.2839278595035871e-03,
       2.6134589336038439e-03, -5.2811123615565296e-03,
       -1.2729422646800092e-02, -1.3286708205708904e-02,
       -7.0743653246348971e-03, -2.8911443055765437e-03,
       8.9001712310199279e-04, 1.7806858796047412e-03,
       2.4730850698239273e-03, 2.7925299461937624e-03,
       3.0165465268586602e-03, 2.5977147297017254e-03,
       1.9049414262605729e-03, 2.8752904174179869e-03,
       3.3480074946235193e-03, 2.1796174737676297e-03,
       4.5569893318379157e-03, 4.9681113214106966e-03,
       4.6179666688074671e-03, 4.5427154738739393e-03,
       3.8734857982886273e-03, -7.5447195586392079e-03,
       -2.8660267529850011e-02, -3.7046558307348175e-02,
       -3.5918959492065472e-02, -2.8304533184315802e-02,
       -9.3754830896513250e-03, 1.4280830096438275e-03,
       3.0942395980786998e-03, 2.5137062832031260e-03,
       2.4098198515681312e-03, 2.3495883024239319e-03,
       2.2387863784219270e-03, 2.0898453546678705e-03,
       2.6560415122270360e-03, 2.3499241400241266e-03,
       1.7188529952529678e-03, 4.3873829583182611e-03,
       5.0706487852511112e-03, 4.5493131575891597e-03,
       3.4846894226103699e-03, 6.7255829751863339e-04,
       -1.5844995605432025e-02, -3.7686159849805299e-02,
       -4.3599315589394019e-02, -4.2640291694977801e-02,
       -3.7347333319514259e-02, -1.8041601882604261e-02,
       1.1658154909191154e-03, 3.6016085629802467e-03,
       2.3236321703105291e-03, 3.0210660210598099e-03,
       3.7891823065440327e-03, 2.6114484697813845e-03,
       2.8215298199591953e-03, 2.6101213141863306e-03,
       2.4639917921836620e-03, 2.1261187398186098e-03,
       3.8456172118829760e-03, 5.2441399557222297e-03,
       5.1541436643705663e-03, 4.2322839970316516e-03,
       1.9991803663968470e-03, -1.1181315329287530e-02,
       -2.8709046802834901e-02, -3.8288198216852906e-02,
       -4.0306286465203636e-02, -3.2822051953723445e-02,
       -1.1130213055415067e-02, 2.0303433693105795e-03,
       2.7129025695464600e-03, 2.0438531478195257e-03,
       2.3194744971737260e-03, 3.9909721724632162e-03,
       3.4136695612456882e-03, 3.0613551576661145e-03,
       2.5467327239401165e-03, 1.6756034658803815e-03,
       1.0997961159352212e-03, 3.7976081791877368e-03,
       4.1851632689415665e-03, 4.2919403335443616e-03,
       3.6423825062964501e-03, 2.4533075428477412e-03,
       -3.5004799333453332e-03, -9.3764215557428695e-03,
       -1.7954052843870912e-02, -2.1995232487396252e-02,
       -1.0530886294885317e-02, 1.0820374568334826e-03,
       2.2721927280802343e-03, 2.6906965145252863e-03,
