%YAML:1.0
savedTime:
   - 1.4440939398462453e+09
currentTableZ:
   - 1.8884684758788234e-01
cropUpperLeftCorner:
   - 320.
   - 200.
vanishingPointReticle:
   - 309.
   - 189.
heightReticles:
   - 313.
   - 315.
   - 321.
   - 327.
   - 171.
   - 165.
   - 159.
   - 143.
colorReticles:
   - 462
   - 450
   - 439
   - 428
   - 419
   - 410
   - 405
   - 399
   - 394
   - 389
   - 383
   - 381
   - 379
   - 378
   - 153
   - 153
   - 153
   - 153
   - 153
   - 154
   - 154
   - 154
   - 154
   - 154
   - 155
   - 155
   - 155
   - 155
lensCorrections:
   - 8.9961840577377772e-01
   - 8.4144730183127703e-01
   - 7.6578743341662936e-01
   - 7.2338219117955593e-01
   - 1.2646103641010544e+00
   - 1.2283062153442190e+00
   - 1.2100749427455877e+00
   - 1.1499999999999997e+00
gear0offset:
   - 2.3000000044703484e-02
   - 2.3000000044703484e-02
   - 1.6722800210118294e-02
   - 0.
