%YAML:1.0
graspZ:
   - -1.2500000000000000e-01
rangeMap: !!opencv-matrix
   rows: 21
   cols: 21
   dt: d
   data: [ -1.2149134399838417e-02, -1.1886810521873688e-02,
       -1.1416719827805981e-02, -1.0991358486923581e-02,
       -1.0578478062792775e-02, -1.0369142783086878e-02,
       -9.9995456811474842e-03, -9.9510597987279223e-03,
       -9.4997581967562177e-03, -9.6140607036640357e-03,
       -9.9575956965737046e-03, -1.0210625142094323e-02,
       -9.5264062601327099e-03, -9.0621992779764734e-03,
       -9.0009293504930456e-03, -8.7892152958707354e-03,
       -8.3185615669109422e-03, -8.0064691792959206e-03,
       -8.0331213258821848e-03, -7.9303983491241740e-03,
       -8.1911737831277323e-03, -1.1621133330119736e-02,
       -1.1261365365496536e-02, -1.0967730035376124e-02,
       -1.0879714471329786e-02, -1.0524660660183456e-02,
       -1.0426621383705545e-02, -1.0278256491564528e-02,
       -1.0173689179197731e-02, -9.9211079003857956e-03,
       -9.8507623750332847e-03, -9.8303269448805127e-03,
       -9.8691914655150339e-03, -9.1945858716184839e-03,
       -8.8731661528728516e-03, -8.8794928698095812e-03,
       -8.5738346788275296e-03, -8.1906705282319067e-03,
       -8.1350887315249157e-03, -8.2401849038360436e-03,
       -8.1511562461703199e-03, -8.0236453727166104e-03,
       -1.1320843639829745e-02, -1.0882007878381570e-02, 0.,
       -1.0511041456502118e-02, -1.0328498373865567e-02,
       -1.0252709886543903e-02, -1.0367581267611770e-02,
       -1.0071589170378741e-02, -9.9094127773911508e-03,
       -9.6776720984780122e-03, -9.5343626742255914e-03,
       -9.5444538695837570e-03, -8.8575634159238463e-03,
       -8.7952248718262179e-03, -8.8505063187751323e-03,
       -8.4173043216097879e-03, -8.3329796653567392e-03,
       -8.2304227815205265e-03, -8.1948017415174948e-03,
       -7.9985163340505813e-03, -7.7260889091083085e-03,
       -1.1199488350642696e-02, -1.0824386783465326e-02,
       -1.0751319367855273e-02, 0., -1.0264582487546092e-02,
       -1.0136485972844105e-02, -1.0101484696826337e-02,
       -9.8485869166673196e-03, -9.4311015360091198e-03,
       -9.3948112988373050e-03, -9.5273981995476348e-03,
       -9.3856056424777238e-03, -8.5990891326468456e-03,
       -8.5524938031294479e-03, -8.7012424637386183e-03,
       -8.3599835662947312e-03, -8.3175430740328182e-03,
       -8.1852500960726410e-03, -8.0508149927042798e-03,
       -7.6307277447614039e-03, -7.4630520317950809e-03,
       -1.0610199950204468e-02, -1.0975926462171166e-02,
       -1.1079532742409453e-02, -1.0551543676125952e-02,
       -1.0331104636237052e-02, -1.0037835574293006e-02,
       -9.6814626423064078e-03, -9.1290785889475857e-03,
       -9.0483122583550797e-03, -9.2389349863693584e-03,
       -9.1798900213877991e-03, -9.0700728618747471e-03,
       -8.6309859986493081e-03, -8.4161881929525496e-03,
       -8.3398831157776489e-03, -8.1661619891269105e-03,
       -7.9968599795241201e-03, -7.9341960175854705e-03,
       -7.9016348963855693e-03, -7.4720844384790885e-03,
       -7.3108616166071665e-03, -1.1027725943152015e-02,
       -1.1065179462551927e-02, -1.0823735290674832e-02,
       -1.0441841259438676e-02, -1.0185689574185426e-02,
       -9.8660185662710412e-03, -9.3294543496018484e-03,
       -8.7862413099971445e-03, -8.9443087631926807e-03,
       -8.8257333757274774e-03, -8.7653670807729886e-03,
       -8.8866076359067885e-03, -8.6340231669548434e-03,
       -8.3056744563827795e-03, -8.0740825204910494e-03,
       -8.0349667705799585e-03, -7.7057037173987528e-03,
       -7.7344146844217790e-03, -7.5768203597023666e-03,
       -7.3018850450335881e-03, -7.0561931414747396e-03,
       -1.0955599051376648e-02, -1.1020298616873805e-02,
       -1.0683406108683301e-02, -1.0191838421362637e-02,
       -9.8472148523404204e-03, -9.4623181941387441e-03,
       -9.2643488659656555e-03, -9.1840704854496916e-03,
       -1.0209587343949184e-02, -1.1895483706476650e-02,
       -1.1685996371414563e-02, -9.1412037540706849e-03,
       -8.4772626040172799e-03, -8.4482182953280523e-03,
       -8.1372991140971195e-03, -7.9630191508807124e-03,
       -7.6867614646591829e-03, -7.5807913384557781e-03,
       -7.3930295834001283e-03, -7.1117174183555091e-03,
       -6.8790207912301114e-03, -1.1277311233778882e-02,
       -1.0974141484210703e-02, -1.0464850909059910e-02,
       -1.0077238541349908e-02, -9.6489123666931124e-03,
       -9.3145924722624635e-03, -8.7369815937799519e-03,
       -8.6977622192069490e-03, -1.1760829900521921e-02,
       -1.6047552812743709e-02, -1.6757926981431647e-02,
       -1.1874392778193320e-02, -9.0545720511469047e-03,
       -8.3482652056017653e-03, -8.1348950878085639e-03,
       -7.9315448619144344e-03, -7.4019453378229363e-03,
       -7.1701208209967214e-03, -7.2545724407827852e-03,
       -6.8870330210327449e-03, -6.5606002440928056e-03,
       -1.1113743250475245e-02, -1.1096746342792219e-02,
       -1.0484467062031442e-02, -9.6981584093789267e-03,
       -9.5359327931999541e-03, -9.3926520465751947e-03,
       -9.0086662550882754e-03, -9.1206112710314601e-03,
       -1.2183098468539601e-02, 0., 0., -1.6819693752124359e-02,
       -9.7125321967177543e-03, -8.4441508928017866e-03,
       -8.0851397948563559e-03, -7.8550997079142818e-03,
       -7.0952714034782753e-03, -6.8080368366491405e-03,
       -7.1110111829590624e-03, -6.7128389453005059e-03,
       -6.4300492890242353e-03, -1.0169146129791012e-02,
       -1.0766460989933646e-02, -1.0278466585450121e-02,
       -9.5541381917382193e-03, -9.4197286390823465e-03,
       -9.1877962929362376e-03, -8.8994645130104667e-03,
       -9.3489676118409595e-03, -1.2918617178484084e-02, 0., 0.,
       -2.0135880868425642e-02, -1.1863337576290177e-02,
       -8.3023515013157037e-03, -7.7580040078051192e-03,
       -7.3355308042739190e-03, -7.0201203464937021e-03,
       -6.8690402041673348e-03, -6.8741282467798251e-03,
       -6.4891503910598147e-03, -6.1280662775704906e-03,
       -1.0287919638651784e-02, -1.0496066525628378e-02,
       -1.0162047148923471e-02, -9.6700848706776157e-03,
       -9.3502326445789995e-03, -9.0206706486055353e-03,
       -8.7784226201421765e-03, -9.4562134814358406e-03,
       -1.5657198058305528e-02, 0., 0., 0., -1.0866165995433781e-02,
       -8.0536379614416006e-03, -7.0532392942483611e-03,
       -6.8313444628712175e-03, -6.6214676311856912e-03,
       -6.4070448809099992e-03, -6.5524464565149855e-03,
       -6.3114547399749079e-03, -5.9352932126857825e-03,
       -1.0722463057753848e-02, -1.0563098909506010e-02,
       -1.0011337337062049e-02, -9.3109985491039091e-03,
       -9.0735795221724962e-03, -8.9044492286771987e-03, 0.,
       -9.7173466747044225e-03, -1.4306218699409337e-02,
       -1.7406095199066083e-02, -1.6582492909082022e-02,
       -1.2649243918047276e-02, -9.1058279207793871e-03,
       -7.2970513677979350e-03, 0., -6.4273493751774834e-03,
       -6.1642670159670135e-03, -6.0520200012497164e-03,
       -6.2675038030810251e-03, -6.0379940497255471e-03,
       -5.8588804535750763e-03, -1.0710984082361999e-02,
       -1.0445864094955522e-02, -9.7486454247018069e-03,
       -8.9970021253413419e-03, -8.6672105921729477e-03,
       -8.8046539015144091e-03, 0., -8.9534415320709822e-03,
       -9.8568877658272921e-03, -1.1706211229041743e-02,
       -1.1563526863721996e-02, -9.2968551715215553e-03,
       -7.5990985930874388e-03, -7.0044196131930506e-03,
       -6.5497691266358325e-03, -6.3863995959499752e-03,
       -6.3673817517167584e-03, -6.2783966121973522e-03,
       -6.0454814936606394e-03, -5.9728914713213510e-03,
       -5.7759201159712625e-03, -1.0373243490652636e-02,
       -1.0162770325006853e-02, -9.5392175213047121e-03,
       -8.7194973047905935e-03, -8.4025106527570621e-03,
       -8.3480585634347886e-03, -8.7744370925906204e-03,
       -8.6269597972056019e-03, -8.9589721951830285e-03,
       -8.8924066676880891e-03, -8.3888343460062371e-03,
       -7.7476811604981176e-03, -7.5077854800368535e-03,
