%YAML:1.0
savedTime:
   - 1.4713728395251875e+09
currentTableZ:
   - 2.8427568509041745e-01
