%YAML:1.0
savedTime:
   - 1.4636834793561950e+09
currentTableZ:
   - 2.9914171591115923e-01
cropUpperLeftCorner:
   - 320.
   - 200.
vanishingPointReticle:
   - 309.
   - 163.
heightReticles:
   - 353.
   - 355.
   - 359.
   - 366.
   - 157.
   - 153.
   - 141.
   - 118.
colorReticles:
   - 462
   - 450
   - 439
   - 428
   - 419
   - 410
   - 405
   - 399
   - 394
   - 389
   - 383
   - 381
   - 379
   - 378
   - 153
   - 153
   - 153
   - 153
   - 153
   - 154
   - 154
   - 154
   - 154
   - 154
   - 155
   - 155
   - 155
   - 155
lensCorrections:
   - 8.1500000000000017e-01
   - 8.1500000000000017e-01
   - 8.1500000000000017e-01
   - 8.1500000000000017e-01
   - 1.6950000000000010e+00
   - 1.6550000000000009e+00
   - 1.6550000000000009e+00
   - 1.6550000000000009e+00
gear0offset:
   - 3.2000001519918442e-02
   - 2.6000000536441803e-02
   - 1.6722800210118294e-02
   - 0.
cameraExposure: 80
cameraGain: 35
cameraWhiteBalanceRed: 1024
cameraWhiteBalanceGreen: 1024
cameraWhiteBalanceBlue: 2048
