%YAML:1.0
savedTime:
   - 1.4636737898282597e+09
currentTableZ:
   - 3.0182305026386042e-01
cropUpperLeftCorner:
   - 320.
   - 200.
vanishingPointReticle:
   - 337.
   - 181.
heightReticles:
   - 349.
   - 352.
   - 355.
   - 366.
   - 158.
   - 151.
   - 139.
   - 116.
colorReticles:
   - 462
   - 450
   - 439
   - 428
   - 419
   - 410
   - 405
   - 399
   - 394
   - 389
   - 383
   - 381
   - 379
   - 378
   - 153
   - 153
   - 153
   - 153
   - 153
   - 154
   - 154
   - 154
   - 154
   - 154
   - 155
   - 155
   - 155
   - 155
lensCorrections:
   - 1.2400000000000000e+00
   - 1.3673996819096599e+00
   - 1.4021712155357695e+00
   - 1.5470948511540485e+00
   - 9.2909773880071522e-01
   - 9.1780789286616016e-01
   - 9.0640735481296364e-01
   - 9.0014838529604591e-01
gear0offset:
   - 3.2000001519918442e-02
   - 2.6000000536441803e-02
   - 1.6722800210118294e-02
   - 0.
cameraExposure: 80
cameraGain: 35
cameraWhiteBalanceRed: 1024
cameraWhiteBalanceGreen: 1024
cameraWhiteBalanceBlue: 2048
