%YAML:1.0
savedTime:
   - 1.4503850173823459e+09
currentTableZ:
   - 2.1215668318864164e-01
cropUpperLeftCorner:
   - 320.
   - 200.
vanishingPointReticle:
   - 309.
   - 163.
heightReticles:
   - 319.
   - 322.
   - 324.
   - 337.
   - 137.
   - 130.
   - 118.
   - 97.
colorReticles:
   - 462
   - 450
   - 439
   - 428
   - 419
   - 410
   - 405
   - 399
   - 394
   - 389
   - 383
   - 381
   - 379
   - 378
   - 153
   - 153
   - 153
   - 153
   - 153
   - 154
   - 154
   - 154
   - 154
   - 154
   - 155
   - 155
   - 155
   - 155
lensCorrections:
   - 1.2600000000000000e+00
   - 1.7166910566410292e+00
   - 1.7514458687244023e+00
   - 1.8327797440932689e+00
   - 8.3991915917454685e-01
   - 8.2204452780268844e-01
   - 8.1526191943862913e-01
   - 7.8014838529604402e-01
gear0offset:
   - 3.2000001519918442e-02
   - 2.6000000536441803e-02
   - 1.6722800210118294e-02
   - 0.
