%YAML:1.0
savedTime:
   - 1.4470124824924095e+09
currentTableZ:
   - 1.7856957325675857e-01
cropUpperLeftCorner:
   - 320.
   - 200.
vanishingPointReticle:
   - 341.
   - 179.
heightReticles:
   - 347.
   - 350.
   - 352.
   - 360.
   - 155.
   - 148.
   - 136.
   - 108.
colorReticles:
   - 462
   - 450
   - 439
   - 428
   - 419
   - 410
   - 405
   - 399
   - 394
   - 389
   - 383
   - 381
   - 379
   - 378
   - 153
   - 153
   - 153
   - 153
   - 153
   - 154
   - 154
   - 154
   - 154
   - 154
   - 155
   - 155
   - 155
   - 155
lensCorrections:
   - 1.6391728306231521e+00
   - 1.4755662185082596e+00
   - 1.3864012618226706e+00
   - 1.5078867335823740e+00
   - 9.4373998519183377e-01
   - 9.9639962875276300e-01
   - 1.0462658875195774e+00
   - 1.0201483852960442e+00
gear0offset:
   - 3.2000001519918442e-02
   - 2.6000000536441803e-02
   - 1.6722800210118294e-02
   - 0.
