%YAML:1.0
savedTime:
   - 1.4470158178634796e+09
currentTableZ:
   - 2.4078318321267411e-01
cropUpperLeftCorner:
   - 320.
   - 200.
vanishingPointReticle:
   - 324.
   - 186.
heightReticles:
   - 335.
   - 338.
   - 338.
   - 352.
   - 157.
   - 152.
   - 142.
   - 106.
colorReticles:
   - 462
   - 450
   - 439
   - 428
   - 419
   - 410
   - 405
   - 399
   - 394
   - 389
   - 383
   - 381
   - 379
   - 378
   - 153
   - 153
   - 153
   - 153
   - 153
   - 154
   - 154
   - 154
   - 154
   - 154
   - 155
   - 155
   - 155
   - 155
lensCorrections:
   - 1.9111106761363874e+00
   - 2.5069481551659156e+00
   - 2.7588207903636230e+00
   - 3.2645035378361569e+00
   - 1.0601825183075069e+00
   - 1.6366759618082749e+00
   - 1.8739300025045542e+00
   - 1.8400000000000003e+00
gear0offset:
   - 2.3000000044703484e-02
   - 2.3000000044703484e-02
   - 1.6722800210118294e-02
   - 0.
