%YAML:1.0
savedTime:
   - 1.4701556723931541e+09
currentTableZ:
   - 2.9523556219020614e-01
cropUpperLeftCorner:
   - 320.
   - 200.
vanishingPointReticle:
   - 309.
   - 189.
heightReticles:
   - 335.
   - 339.
   - 345.
   - 356.
   - 161.
   - 157.
   - 145.
   - 124.
colorReticles:
   - 462
   - 450
   - 439
   - 428
   - 419
   - 410
   - 405
   - 399
   - 394
   - 389
   - 383
   - 381
   - 379
   - 378
   - 153
   - 153
   - 153
   - 153
   - 153
   - 154
   - 154
   - 154
   - 154
   - 154
   - 155
   - 155
   - 155
   - 155
lensCorrections:
   - 4.5499999999999990e-01
   - 4.5499999999999990e-01
   - 4.5499999999999990e-01
   - 4.5499999999999990e-01
   - 1.1350000000000005e+00
   - 1.1350000000000005e+00
   - 1.1350000000000005e+00
   - 1.1350000000000005e+00
gear0offset:
   - 2.3000000044703484e-02
   - 2.3000000044703484e-02
   - 1.6722800210118294e-02
   - 0.
cameraExposure: 80
cameraGain: 30
cameraWhiteBalanceRed: 1024
cameraWhiteBalanceGreen: 1024
cameraWhiteBalanceBlue: 2048
