%YAML:1.0
savedTime:
   - 1.4636924965880818e+09
currentTableZ:
   - 2.8683630447912006e-01
cropUpperLeftCorner:
   - 320.
   - 200.
vanishingPointReticle:
   - 309.
   - 189.
heightReticles:
   - 336.
   - 337.
   - 343.
   - 357.
   - 164.
   - 156.
   - 146.
   - 122.
colorReticles:
   - 462
   - 450
   - 439
   - 428
   - 419
   - 410
   - 405
   - 399
   - 394
   - 389
   - 383
   - 381
   - 379
   - 378
   - 153
   - 153
   - 153
   - 153
   - 153
   - 154
   - 154
   - 154
   - 154
   - 154
   - 155
   - 155
   - 155
   - 155
lensCorrections:
   - 1.7450000000000003e+00
   - 1.7650000000000006e+00
   - 1.7650000000000006e+00
   - 1.7650000000000006e+00
   - 8.2500000000000029e-01
   - 8.0500000000000027e-01
   - 8.0500000000000027e-01
   - 8.0500000000000027e-01
gear0offset:
   - 2.3000000044703484e-02
   - 2.3000000044703484e-02
   - 1.6722800210118294e-02
   - 0.
cameraExposure: 80
cameraGain: 25
cameraWhiteBalanceRed: 1124
cameraWhiteBalanceGreen: 1024
cameraWhiteBalanceBlue: 2048
