%YAML:1.0
savedTime:
   - 1.4715543128097522e+09
hand_camera_offset: { px:3.8150000000000003e-02,
    py:1.1440000000000001e-02, pz:1.5890000000000001e-02, qw:1., qx:0.,
    qy:0., qz:0. }
cropUpperLeftCorner:
   - 320.
   - 200.
vanishingPointReticle:
   - 314.
   - 218.
heightReticles:
   - 331.
   - 335.
   - 341.
   - 347.
   - 190.
   - 183.
   - 174.
   - 148.
colorReticles:
   - 462
   - 450
   - 439
   - 428
   - 419
   - 410
   - 405
   - 399
   - 394
   - 389
   - 383
   - 381
   - 379
   - 378
   - 153
   - 153
   - 153
   - 153
   - 153
   - 154
   - 154
   - 154
   - 154
   - 154
   - 155
   - 155
   - 155
   - 155
lensCorrections:
   - 2.9499999999999998e-01
   - 2.9499999999999998e-01
   - 2.9499999999999998e-01
   - 2.9499999999999998e-01
   - 1.0550000000000004e+00
   - 1.0150000000000003e+00
   - 1.0150000000000003e+00
   - 1.0150000000000003e+00
gear0offset:
   - 3.2000001519918442e-02
   - 2.6000000536441803e-02
   - 1.6722800210118294e-02
   - 0.
cameraExposure: 80
cameraGain: 5
cameraWhiteBalanceRed: 1124
cameraWhiteBalanceGreen: 1024
cameraWhiteBalanceBlue: 2048
