%YAML:1.0
rangeMap: !!opencv-matrix
   rows: 21
   cols: 21
   dt: d
   data: [ 7.5022755966951413e-03, 8.1883392714469025e-03,
       8.3707906379481035e-03, 7.6806714597244859e-03,
       6.8744743881909752e-03, 5.9497394373596493e-03,
       5.9117203330234357e-03, 5.4588220513717249e-03,
       4.5388311876326647e-03, 4.4424575094184895e-03,
       5.1096327653495088e-03, 5.5659104420310466e-03,
       5.5303745533647249e-03, 5.2828660934271608e-03,
       4.4023536757238305e-03, 3.3146569905464656e-03,
       2.7588944132859233e-03, 3.6308235052522203e-03,
       3.9717207761581384e-03, 3.6937160270995250e-03,
       3.3903315175773550e-03, 8.7276247903631515e-03,
       7.7882570558978521e-03, 6.8442750838042903e-03,
       6.2814190500726204e-03, 6.4915490251902267e-03,
       5.7851792243894997e-03, 4.7060158576929150e-03,
       3.9591339680673642e-03, 3.9067085636370433e-03,
       4.1329059122639025e-03, 4.1080980914043200e-03,
       4.6812016030810862e-03, 5.1410540721783630e-03,
       4.8341746238951457e-03, 3.9404291137218380e-03,
       3.7601593500393737e-03, 3.3422562735077989e-03,
       3.2657840486126155e-03, 3.2169674503977380e-03,
       3.2209831329299034e-03, 2.8069288879555170e-03,
       7.7912258856893358e-03, 7.3684767258475996e-03,
       6.3520586742809512e-03, 6.6442016631111699e-03,
       5.7436895679764512e-03, 4.7595789734592511e-03,
       5.3423106043665649e-03, 4.7667249037489992e-03,
       3.9183096679624710e-03, 3.7421526189480576e-03,
       3.8445817001984228e-03, 3.5085531597056577e-03,
       3.7004492245674347e-03, 4.4621589892320044e-03,
       4.3572374831459173e-03, 4.6656448337135939e-03,
       4.4476100417755174e-03, 3.8053435028597453e-03,
       3.2508482484580807e-03, 3.1021824217981686e-03,
       2.2250790575847786e-03, 7.5527362131623281e-03,
       7.2033820639629429e-03, 7.3229357585279826e-03,
       7.1313867812069828e-03, 6.7021083669628377e-03,
       6.5789001098968411e-03, 4.9508686901581465e-03,
       5.2249512954320688e-03, 5.3243035749497795e-03,
       4.1978825764232494e-03, 3.2036601782877870e-03,
       1.8527860649955718e-03, 2.3015053899454675e-03,
       3.8417165940643427e-03, 4.0328092183622754e-03,
       3.5689203700192094e-03, 3.4928580567563572e-03,
       3.5577019710783058e-03, 3.7134501910885613e-03,
       3.2305771746287439e-03, 3.2611973892299802e-03,
       7.6008523842322007e-03, 8.0212409004227561e-03,
       8.4811022641150258e-03, 7.5600997795687956e-03,
       7.8215383975270333e-03, 8.3685984319367499e-03,
       7.4035716551653762e-03, 6.3215281381419639e-03,
       5.4871058502381567e-03, 4.3003885184807527e-03,
       2.6189317953871642e-03, 2.0068094334878771e-03,
       2.3917422421434959e-03, 3.5117306468943586e-03,
       3.6226502965218009e-03, 2.9418475136320081e-03,
       2.9976686607625447e-03, 3.2016068816478264e-03,
       2.9149037798538373e-03, 3.3063840371496483e-03,
       3.7081660635764819e-03, 8.2695594249384760e-03,
       8.4388201900081668e-03, 8.9579068805713275e-03,
       8.8995685899731954e-03, 8.3450604864677008e-03,
       7.0814205921950150e-03, 6.2088855093024283e-03,
       4.4168625519570804e-03, 3.6499649174063179e-03,
       4.4174500238684392e-03, 2.8438516754215313e-03,
       1.9839331566422341e-03, 3.3385282056972083e-03,
       3.9454998249013632e-03, 3.9226437603919733e-03,
       3.7474082716844668e-03, 3.4105958215672597e-03,
       3.7182225413868049e-03, 3.2995629077400730e-03,
       3.5646881550258020e-03, 4.4757721131288798e-03,
       8.1893491318903652e-03, 9.3757537679597745e-03,
       1.0628946763762184e-02, 9.6785429547186358e-03,
       9.0376220562766313e-03, 8.6622873999407345e-03,
       8.9007665906640950e-03, 6.3157128731844356e-03,
       5.6417225557528813e-03, 5.0337101068499588e-03,
       3.4858974619490705e-03, 2.9004047788152095e-03,
       3.4936190287693314e-03, 3.6593108872028761e-03,
       4.2203960335424609e-03, 3.7598406550162890e-03,
       3.1080183666402049e-03, 3.5157866880199647e-03,
       4.0047341084937047e-03, 4.2665623827147893e-03,
       4.5674707825762231e-03, 8.7706079434219323e-03,
       1.1054005678744851e-02, 1.1895498524710118e-02,
       9.7573280055539453e-03, 1.0245725231988323e-02,
       9.4019177086409507e-03, 8.9228965494267520e-03,
       7.1196875824721291e-03, 6.3097252500400334e-03,
       5.4965133099315498e-03, 5.2457761409309620e-03,
       4.2857159422377026e-03, 2.6161342254085490e-03,
       2.9906591326097024e-03, 4.2796203150810919e-03,
       3.7153655313105689e-03, 3.0758881950315154e-03,
       3.5594979881111242e-03, 4.2612710002029016e-03,
       4.4410322682029938e-03, 4.4238917721702107e-03,
       1.0299225190023133e-02, 1.2268326371333215e-02,
       1.2516766218188147e-02, 1.0792404531980151e-02,
       8.1824976317225150e-03, 6.7961974310846926e-03,
       5.3499549479937717e-03, 4.2747957805947786e-03,
       5.7206982286489103e-03, 6.2897081974218347e-03,
       6.4013450350814015e-03, 5.6115304795283042e-03,
       3.3894792195785523e-03, 3.7100822207485513e-03,
       5.1305112331325557e-03, 4.9915170329573903e-03,
       3.7921243385933192e-03, 3.7579829882071420e-03,
       4.1092285758875533e-03, 4.5841486712114047e-03,
       4.9504109120194753e-03, 8.7181029374386737e-03,
       1.0641318103315667e-02, 1.1043299199157692e-02,
       9.3630993453017574e-03, 5.9834291615992628e-03,
       2.5278291138113819e-03, -1.0066855548062465e-03,
       -3.2064701770248278e-03, -3.0461394979274404e-03,
       8.7313370796134244e-04, 2.0061877208397711e-03,
       3.4304829707668227e-03, 3.2526914926720180e-03,
       2.7982915811147068e-03, 4.4907946131010528e-03,
       4.6401390834107849e-03, 4.1968274461803455e-03,
       4.5899169712527131e-03, 4.4532682550037991e-03,
       4.5777606463037876e-03, 4.5111680475341991e-03,
       8.3650245246000392e-03, 9.8240161439415111e-03,
       9.8472984995447380e-03, 7.4069908798912376e-03,
       4.1198754240806658e-03, -5.0277497761477472e-04,
       -5.4135094527803188e-03, -1.0080855916737051e-02,
       -1.1339305934979759e-02, -8.8247779283041772e-03,
       -4.7747366970674159e-03, -2.9692300593642217e-03,
       -5.4097038563982259e-03, -8.2550080794272160e-03,
       -8.4696435730792913e-03, -7.7020610724832846e-03,
       -7.4755755773949686e-03, -5.1514362819440841e-03,
       1.2359383714129215e-03, 3.9227845652268891e-03,
       4.5369140109974516e-03, 8.5216465396194211e-03,
       8.8765382935540194e-03, 8.4744772524300242e-03,
       7.1028223216505534e-03, 2.2112050128044454e-03,
       -6.3272990702083485e-03, -1.1063132466269880e-02,
       -1.2422848261438644e-02, -1.2580418605691823e-02,
       -1.2760177401321078e-02, -1.0587282138504293e-02,
       -8.0729949856636566e-03, -1.0472528785578940e-02,
       -1.2195061881820603e-02, -1.2963418742474872e-02,
       -1.4239815942746863e-02, -1.3797862579438578e-02,
       -9.5722347962222433e-03, -2.4089180924360127e-03,
       2.7168021508373373e-03, 5.0218615678546130e-03,
       8.5333148443852008e-03, 8.1193349327288427e-03,
       7.8270370261750589e-03, 7.4641429591949283e-03,
       2.3641067963558701e-03, -7.3004857252004559e-03,
       -1.3010353199404500e-02, -1.3306898018446757e-02,
       -1.1955384352914869e-02, -1.0377037220234822e-02,
       -5.9752452126517440e-03, -3.2056846563324666e-03,
       -5.1476753079495443e-03, -7.5138148819634794e-03,
       -9.6193240812325314e-03, -1.1705877106170461e-02,
       -1.1141673687370761e-02, -7.0086786266907253e-03,
       -1.2398361708026427e-03, 3.2369245889097560e-03,
       4.9352715393788348e-03, 8.1377244497173890e-03,
       7.9080814061846545e-03, 8.1380947713527354e-03,
       8.4342586799329919e-03, 5.6989148511913694e-03,
       2.1747254588831865e-04, -5.3309538996455207e-03,
       -7.5843278008005596e-03, -6.2596107273726409e-03,
       -3.7534369952534896e-03, 8.0413305179352493e-04,
       4.6294998009882796e-03, 6.5469243227400794e-03,
